15:26:39, 7900.000, 8100.000, 7900.000
15:26:40, 7900.000, 8100.000, 7900.000
15:26:41, 7900.000, 8100.000, 7900.000
15:26:42, 7900.000, 8100.000, 7900.000
15:26:43, 7900.000, 8100.000, 7900.000
15:26:44, 7900.000, 8100.000, 7900.000
15:26:45, 7900.000, 8100.000, 7900.000
15:26:46, 7900.000, 8100.000, 7900.000
15:26:47, 7900.000, 8100.000, 7900.000
15:26:48, 7900.000, 8100.000, 7900.000
15:26:49, 7900.000, 8100.000, 7900.000
15:26:50, 7900.000, 8100.000, 7900.000
15:26:51, 7900.000, 8100.000, 7900.000
15:26:52, 7900.000, 8100.000, 7900.000
15:26:53, 7900.000, 8100.000, 7900.000
15:26:54, 7900.000, 8100.000, 7900.000
15:26:55, 7900.000, 8100.000, 7900.000
15:26:56, 7900.000, 8100.000, 7900.000
15:26:57, 7900.000, 8100.000, 7900.000
15:26:58, 7900.000, 8100.000, 7900.000
15:26:59, 7900.000, 8100.000, 7900.000
15:27:00, 7900.000, 8100.000, 7900.000
15:27:01, 7900.000, 8100.000, 7900.000
15:27:02, 7900.000, 8100.000, 7900.000
15:27:03, 7900.000, 8100.000, 7900.000
15:27:04, 7900.000, 8100.000, 7900.000
15:27:05, 7900.000, 8100.000, 7900.000
15:27:06, 7900.000, 8100.000, 7900.000
15:27:07, 7900.000, 8100.000, 7900.000
15:27:08, 7900.000, 8100.000, 7900.000
15:27:09, 7900.000, 8100.000, 7900.000
15:27:10, 7900.000, 8100.000, 7900.000
15:27:11, 7900.000, 8100.000, 7900.000
15:27:13, 7900.000, 8100.000, 7900.000
15:27:14, 7900.000, 8100.000, 7900.000
15:27:14, 7900.000, 8100.000, 7900.000
15:27:15, 7900.000, 8100.000, 7900.000
15:27:16, 7900.000, 8100.000, 8000.000
15:27:17, 7900.000, 8100.000, 7900.000
15:27:19, 7900.000, 8100.000, 7900.000
15:27:20, 7900.000, 8100.000, 7900.000
15:27:21, 7900.000, 8100.000, 7900.000
15:27:22, 7900.000, 8100.000, 7900.000
15:27:23, 7900.000, 8100.000, 7900.000
15:27:24, 7900.000, 8100.000, 7900.000
15:27:25, 7900.000, 8100.000, 7900.000
15:27:26, 7900.000, 8100.000, 7900.000
15:27:27, 7900.000, 8100.000, 7900.000
15:27:28, 7900.000, 8100.000, 7900.000
15:27:29, 7900.000, 8100.000, 7900.000
15:27:30, 7900.000, 8100.000, 7900.000
15:27:31, 7900.000, 8100.000, 7900.000
15:27:32, 7900.000, 8100.000, 7900.000
15:27:33, 7900.000, 8100.000, 7900.000
15:27:34, 7900.000, 8100.000, 7900.000
15:27:35, 7900.000, 8100.000, 7900.000
15:27:36, 7900.000, 8100.000, 7900.000
15:27:37, 7900.000, 8100.000, 7900.000
15:27:38, 7900.000, 8100.000, 7900.000
15:27:39, 7900.000, 8100.000, 7900.000
