15:26:39, 42.000, 40.000, 46.000, 35.000, 51.000, 64.000, 42.000, 34.000, 34.000, 41.000, 34.000, 33.000, 36.000, 35.000, 37.000, 36.000, 35.000, 35.000, 34.000, 34.000
15:26:40, 42.000, 40.000, 46.000, 35.000, 51.000, 64.000, 42.000, 34.000, 34.000, 40.000, 34.000, 33.000, 36.000, 35.000, 37.000, 36.000, 35.000, 35.000, 34.000, 34.000
15:26:41, 42.000, 40.000, 46.000, 35.000, 51.000, 64.000, 42.000, 34.000, 34.000, 40.000, 34.000, 33.000, 36.000, 35.000, 37.000, 36.000, 35.000, 35.000, 34.000, 34.000
15:26:42, 42.000, 39.000, 46.000, 35.000, 51.000, 64.000, 42.000, 34.000, 34.000, 40.000, 34.000, 33.000, 36.000, 35.000, 37.000, 36.000, 35.000, 35.000, 34.000, 34.000
15:26:43, 42.000, 39.000, 46.000, 34.000, 51.000, 64.000, 42.000, 34.000, 34.000, 41.000, 34.000, 33.000, 36.000, 35.000, 37.000, 36.000, 35.000, 35.000, 34.000, 34.000
15:26:44, 42.000, 39.000, 46.000, 34.000, 51.000, 64.000, 42.000, 34.000, 34.000, 41.000, 34.000, 33.000, 36.000, 35.000, 37.000, 36.000, 35.000, 35.000, 34.000, 34.000
15:26:45, 42.000, 40.000, 46.000, 34.000, 51.000, 64.000, 42.000, 34.000, 34.000, 41.000, 34.000, 33.000, 36.000, 35.000, 37.000, 36.000, 35.000, 35.000, 34.000, 34.000
15:26:46, 42.000, 39.000, 46.000, 35.000, 51.000, 64.000, 42.000, 34.000, 34.000, 40.000, 34.000, 33.000, 36.000, 35.000, 37.000, 36.000, 35.000, 35.000, 34.000, 34.000
15:26:47, 42.000, 40.000, 46.000, 35.000, 51.000, 64.000, 42.000, 34.000, 34.000, 40.000, 34.000, 34.000, 36.000, 35.000, 37.000, 36.000, 35.000, 35.000, 34.000, 34.000
15:26:48, 42.000, 39.000, 46.000, 35.000, 51.000, 64.000, 42.000, 34.000, 34.000, 40.000, 34.000, 34.000, 36.000, 35.000, 37.000, 36.000, 35.000, 35.000, 34.000, 34.000
15:26:49, 42.000, 40.000, 46.000, 35.000, 51.000, 64.000, 42.000, 34.000, 34.000, 41.000, 34.000, 34.000, 36.000, 35.000, 37.000, 36.000, 35.000, 35.000, 34.000, 34.000
15:26:50, 42.000, 40.000, 46.000, 35.000, 51.000, 64.000, 42.000, 34.000, 34.000, 41.000, 34.000, 33.000, 36.000, 35.000, 37.000, 36.000, 35.000, 35.000, 34.000, 34.000
15:26:51, 42.000, 39.000, 46.000, 35.000, 51.000, 64.000, 42.000, 34.000, 34.000, 41.000, 34.000, 33.000, 36.000, 35.000, 37.000, 36.000, 35.000, 35.000, 34.000, 34.000
15:26:52, 42.000, 40.000, 46.000, 35.000, 51.000, 64.000, 42.000, 34.000, 34.000, 41.000, 34.000, 33.000, 36.000, 35.000, 37.000, 36.000, 35.000, 35.000, 34.000, 34.000
15:26:53, 42.000, 39.000, 46.000, 35.000, 51.000, 64.000, 42.000, 34.000, 34.000, 41.000, 34.000, 33.000, 36.000, 35.000, 37.000, 36.000, 35.000, 35.000, 34.000, 34.000
15:26:54, 42.000, 40.000, 46.000, 35.000, 51.000, 64.000, 42.000, 34.000, 34.000, 41.000, 34.000, 33.000, 36.000, 35.000, 37.000, 36.000, 35.000, 35.000, 34.000, 34.000
15:26:55, 43.000, 41.000, 46.000, 35.000, 51.000, 64.000, 42.000, 34.000, 34.000, 40.000, 33.000, 33.000, 36.000, 35.000, 37.000, 36.000, 35.000, 35.000, 34.000, 34.000
15:26:56, 44.000, 41.000, 46.000, 35.000, 51.000, 64.000, 42.000, 34.000, 34.000, 40.000, 33.000, 33.000, 36.000, 35.000, 37.000, 37.000, 35.000, 35.000, 34.000, 34.000
15:26:57, 44.000, 42.000, 46.000, 35.000, 51.000, 64.000, 42.000, 34.000, 34.000, 40.000, 33.000, 33.000, 36.000, 35.000, 37.000, 37.000, 35.000, 35.000, 34.000, 34.000
15:26:58, 44.000, 42.000, 46.000, 35.000, 51.000, 64.000, 42.000, 34.000, 34.000, 41.000, 34.000, 33.000, 36.000, 35.000, 37.000, 37.000, 35.000, 35.000, 34.000, 34.000
15:26:59, 44.000, 42.000, 46.000, 35.000, 51.000, 64.000, 42.000, 34.000, 34.000, 41.000, 34.000, 33.000, 36.000, 35.000, 37.000, 37.000, 35.000, 35.000, 34.000, 34.000
15:27:00, 44.000, 42.000, 46.000, 35.000, 51.000, 64.000, 42.000, 34.000, 34.000, 41.000, 34.000, 33.000, 36.000, 36.000, 37.000, 37.000, 35.000, 35.000, 34.000, 34.000
15:27:01, 45.000, 42.000, 46.000, 35.000, 51.000, 65.000, 42.000, 34.000, 34.000, 40.000, 34.000, 33.000, 36.000, 36.000, 37.000, 37.000, 35.000, 35.000, 34.000, 34.000
15:27:02, 45.000, 42.000, 46.000, 35.000, 51.000, 65.000, 42.000, 34.000, 34.000, 40.000, 34.000, 33.000, 36.000, 36.000, 37.000, 37.000, 35.000, 35.000, 34.000, 34.000
15:27:03, 45.000, 42.000, 46.000, 35.000, 51.000, 65.000, 42.000, 34.000, 34.000, 40.000, 34.000, 33.000, 36.000, 36.000, 37.000, 37.000, 35.000, 35.000, 34.000, 34.000
15:27:04, 45.000, 42.000, 46.000, 35.000, 51.000, 64.000, 42.000, 34.000, 34.000, 40.000, 34.000, 33.000, 36.000, 36.000, 37.000, 37.000, 35.000, 35.000, 34.000, 34.000
15:27:05, 43.000, 41.000, 46.000, 35.000, 51.000, 64.000, 42.000, 34.000, 34.000, 40.000, 34.000, 33.000, 36.000, 36.000, 37.000, 37.000, 35.000, 35.000, 34.000, 34.000
15:27:06, 43.000, 40.000, 46.000, 35.000, 51.000, 64.000, 42.000, 34.000, 34.000, 40.000, 34.000, 33.000, 36.000, 36.000, 37.000, 37.000, 35.000, 35.000, 34.000, 34.000
15:27:07, 43.000, 40.000, 46.000, 35.000, 51.000, 64.000, 42.000, 34.000, 34.000, 41.000, 34.000, 33.000, 36.000, 36.000, 37.000, 37.000, 35.000, 35.000, 34.000, 34.000
15:27:08, 43.000, 40.000, 46.000, 35.000, 51.000, 64.000, 42.000, 34.000, 34.000, 41.000, 34.000, 34.000, 36.000, 36.000, 37.000, 37.000, 35.000, 35.000, 34.000, 34.000
15:27:09, 43.000, 40.000, 46.000, 35.000, 51.000, 64.000, 42.000, 34.000, 34.000, 41.000, 34.000, 34.000, 36.000, 36.000, 37.000, 37.000, 35.000, 35.000, 34.000, 34.000
15:27:10, 42.000, 40.000, 46.000, 35.000, 51.000, 65.000, 42.000, 34.000, 34.000, 40.000, 34.000, 34.000, 36.000, 36.000, 37.000, 37.000, 35.000, 35.000, 34.000, 34.000
15:27:11, 42.000, 40.000, 46.000, 35.000, 51.000, 65.000, 42.000, 34.000, 34.000, 40.000, 34.000, 33.000, 36.000, 36.000, 37.000, 37.000, 35.000, 35.000, 34.000, 34.000
15:27:13, 42.000, 40.000, 46.000, 35.000, 51.000, 65.000, 42.000, 34.000, 34.000, 40.000, 34.000, 33.000, 36.000, 36.000, 37.000, 37.000, 35.000, 35.000, 34.000, 34.000
15:27:14, 42.000, 40.000, 46.000, 35.000, 51.000, 64.000, 42.000, 34.000, 34.000, 40.000, 34.000, 33.000, 36.000, 36.000, 37.000, 37.000, 35.000, 35.000, 34.000, 34.000
15:27:14, 42.000, 40.000, 46.000, 35.000, 51.000, 64.000, 42.000, 34.000, 34.000, 40.000, 34.000, 33.000, 36.000, 36.000, 37.000, 37.000, 35.000, 35.000, 34.000, 34.000
15:27:15, 42.000, 40.000, 46.000, 35.000, 51.000, 64.000, 42.000, 34.000, 34.000, 40.000, 34.000, 33.000, 36.000, 36.000, 37.000, 37.000, 35.000, 35.000, 34.000, 34.000
15:27:16, 42.000, 40.000, 47.000, 35.000, 51.000, 65.000, 42.000, 34.000, 34.000, 41.000, 34.000, 33.000, 36.000, 36.000, 37.000, 37.000, 35.000, 35.000, 34.000, 34.000
15:27:17, 42.000, 40.000, 47.000, 35.000, 51.000, 65.000, 42.000, 34.000, 34.000, 41.000, 34.000, 33.000, 36.000, 36.000, 37.000, 37.000, 35.000, 35.000, 34.000, 34.000
15:27:19, 42.000, 40.000, 47.000, 35.000, 51.000, 65.000, 42.000, 34.000, 34.000, 41.000, 34.000, 33.000, 36.000, 36.000, 37.000, 37.000, 35.000, 35.000, 34.000, 34.000
15:27:20, 42.000, 40.000, 46.000, 35.000, 51.000, 64.000, 42.000, 34.000, 34.000, 41.000, 34.000, 33.000, 36.000, 36.000, 37.000, 37.000, 35.000, 35.000, 34.000, 34.000
15:27:21, 42.000, 40.000, 46.000, 35.000, 51.000, 64.000, 42.000, 34.000, 34.000, 41.000, 34.000, 33.000, 36.000, 36.000, 37.000, 37.000, 35.000, 35.000, 34.000, 34.000
15:27:22, 42.000, 40.000, 46.000, 35.000, 51.000, 64.000, 42.000, 34.000, 34.000, 41.000, 34.000, 33.000, 36.000, 36.000, 37.000, 37.000, 35.000, 35.000, 34.000, 34.000
15:27:23, 42.000, 40.000, 47.000, 35.000, 51.000, 64.000, 42.000, 34.000, 34.000, 40.000, 34.000, 33.000, 36.000, 36.000, 37.000, 37.000, 35.000, 35.000, 34.000, 34.000
15:27:24, 42.000, 40.000, 47.000, 35.000, 51.000, 64.000, 42.000, 34.000, 34.000, 40.000, 34.000, 33.000, 36.000, 36.000, 37.000, 37.000, 35.000, 35.000, 34.000, 34.000
15:27:25, 42.000, 40.000, 47.000, 35.000, 51.000, 64.000, 42.000, 34.000, 34.000, 40.000, 34.000, 33.000, 36.000, 36.000, 37.000, 37.000, 35.000, 35.000, 34.000, 34.000
15:27:26, 42.000, 40.000, 46.000, 35.000, 51.000, 65.000, 42.000, 34.000, 34.000, 40.000, 34.000, 33.000, 36.000, 36.000, 37.000, 37.000, 35.000, 35.000, 34.000, 34.000
15:27:27, 42.000, 40.000, 46.000, 35.000, 51.000, 65.000, 42.000, 34.000, 34.000, 40.000, 34.000, 34.000, 36.000, 36.000, 37.000, 37.000, 35.000, 35.000, 34.000, 34.000
15:27:28, 42.000, 40.000, 47.000, 35.000, 51.000, 65.000, 42.000, 34.000, 34.000, 40.000, 34.000, 34.000, 36.000, 36.000, 37.000, 37.000, 35.000, 35.000, 34.000, 34.000
15:27:29, 42.000, 40.000, 47.000, 35.000, 51.000, 64.000, 42.000, 34.000, 34.000, 41.000, 34.000, 34.000, 36.000, 36.000, 37.000, 37.000, 35.000, 35.000, 34.000, 34.000
15:27:30, 42.000, 40.000, 47.000, 35.000, 51.000, 64.000, 42.000, 34.000, 34.000, 41.000, 34.000, 33.000, 36.000, 36.000, 37.000, 37.000, 35.000, 35.000, 34.000, 34.000
15:27:31, 42.000, 40.000, 47.000, 35.000, 51.000, 64.000, 42.000, 34.000, 34.000, 41.000, 34.000, 33.000, 36.000, 36.000, 37.000, 37.000, 35.000, 35.000, 34.000, 34.000
15:27:32, 42.000, 40.000, 46.000, 35.000, 51.000, 65.000, 42.000, 34.000, 34.000, 41.000, 34.000, 33.000, 36.000, 36.000, 37.000, 37.000, 35.000, 35.000, 34.000, 34.000
15:27:33, 42.000, 40.000, 46.000, 35.000, 51.000, 65.000, 42.000, 34.000, 34.000, 41.000, 34.000, 33.000, 36.000, 36.000, 37.000, 37.000, 35.000, 35.000, 34.000, 34.000
15:27:34, 42.000, 40.000, 47.000, 35.000, 51.000, 65.000, 42.000, 34.000, 34.000, 41.000, 34.000, 33.000, 36.000, 36.000, 37.000, 37.000, 35.000, 35.000, 34.000, 34.000
15:27:35, 42.000, 40.000, 47.000, 35.000, 51.000, 64.000, 42.000, 34.000, 34.000, 40.000, 34.000, 33.000, 36.000, 36.000, 37.000, 37.000, 35.000, 35.000, 34.000, 34.000
15:27:36, 42.000, 40.000, 47.000, 35.000, 51.000, 64.000, 42.000, 34.000, 34.000, 40.000, 34.000, 33.000, 36.000, 36.000, 37.000, 37.000, 35.000, 35.000, 34.000, 34.000
15:27:37, 42.000, 40.000, 47.000, 35.000, 51.000, 64.000, 42.000, 34.000, 34.000, 40.000, 34.000, 33.000, 36.000, 36.000, 37.000, 37.000, 35.000, 35.000, 34.000, 34.000
15:27:38, 42.000, 40.000, 47.000, 35.000, 51.000, 64.000, 42.000, 34.000, 34.000, 41.000, 32.000, 33.000, 36.000, 36.000, 37.000, 37.000, 35.000, 35.000, 34.000, 34.000
15:27:39, 42.000, 40.000, 47.000, 35.000, 51.000, 64.000, 43.000, 34.000, 34.000, 41.000, 32.000, 33.000, 36.000, 36.000, 37.000, 37.000, 35.000, 35.000, 34.000, 34.000
