15:26:39, 7425.000, 7350.000, 7275.000
15:26:40, 7500.000, 7350.000, 7500.000
15:26:41, 7500.000, 7350.000, 7500.000
15:26:42, 7500.000, 7500.000, 7350.000
15:26:43, 7500.000, 7500.000, 7350.000
15:26:44, 7425.000, 7350.000, 7275.000
15:26:45, 7500.000, 7350.000, 7500.000
15:26:46, 7425.000, 7275.000, 7350.000
15:26:47, 7425.000, 7275.000, 7350.000
15:26:48, 7425.000, 7275.000, 7350.000
15:26:49, 7500.000, 7350.000, 7500.000
15:26:50, 7425.000, 7275.000, 7350.000
15:26:51, 7575.000, 7350.000, 7275.000
15:26:52, 7575.000, 7350.000, 7275.000
15:26:53, 7500.000, 7350.000, 7500.000
15:26:54, 7350.000, 7350.000, 7500.000
15:26:55, 7350.000, 7350.000, 7350.000
15:26:56, 7350.000, 7350.000, 7350.000
15:26:57, 7500.000, 7350.000, 7350.000
15:26:58, 7425.000, 7350.000, 7350.000
15:26:59, 7350.000, 7500.000, 7500.000
15:27:00, 7350.000, 7500.000, 7500.000
15:27:01, 7350.000, 7500.000, 7500.000
15:27:02, 7425.000, 7425.000, 7350.000
15:27:03, 7500.000, 7425.000, 7275.000
15:27:04, 7500.000, 7350.000, 7275.000
15:27:05, 7500.000, 7350.000, 7275.000
15:27:06, 7500.000, 7275.000, 7350.000
15:27:07, 7500.000, 7275.000, 7350.000
15:27:08, 7500.000, 7350.000, 7350.000
15:27:09, 7500.000, 7350.000, 7350.000
15:27:10, 7350.000, 7350.000, 7350.000
15:27:11, 7425.000, 7500.000, 7275.000
15:27:12, 7425.000, 7350.000, 7425.000
15:27:13, 7425.000, 7350.000, 7425.000
15:27:14, 7425.000, 7350.000, 7425.000
15:27:15, 7425.000, 7275.000, 7500.000
15:27:16, 7575.000, 7275.000, 7350.000
15:27:17, 7575.000, 7275.000, 7350.000
15:27:18, 7350.000, 7350.000, 7275.000
15:27:20, 7425.000, 7350.000, 7425.000
15:27:21, 7425.000, 7350.000, 7425.000
15:27:22, 7500.000, 7350.000, 7500.000
15:27:23, 7500.000, 7350.000, 7500.000
15:27:23, 7350.000, 7350.000, 7275.000
15:27:25, 7425.000, 7275.000, 7350.000
15:27:26, 7425.000, 7350.000, 7350.000
15:27:27, 7500.000, 7350.000, 7350.000
15:27:28, 7500.000, 7350.000, 7350.000
15:27:29, 7500.000, 7350.000, 7275.000
15:27:30, 7575.000, 7275.000, 7350.000
15:27:31, 7575.000, 7275.000, 7350.000
15:27:32, 7500.000, 7275.000, 7350.000
15:27:33, 7350.000, 7275.000, 7500.000
15:27:34, 7500.000, 7350.000, 7350.000
15:27:35, 7500.000, 7350.000, 7350.000
15:27:36, 7500.000, 7350.000, 7350.000
15:27:37, 7350.000, 7350.000, 7275.000
15:27:38, 7500.000, 7425.000, 7350.000
15:27:39, 7350.000, 7350.000, 7500.000
