15:26:39, 33.000, 32.000, 38.000, 26.000, 33.000, 28.000, 31.000, 31.000, 31.000, 34.000, 33.000, 29.000, 29.000, 29.000, 29.000, 30.000, 30.000, 30.000, 30.000
15:26:40, 33.000, 31.000, 38.000, 26.000, 33.000, 28.000, 31.000, 31.000, 31.000, 34.000, 33.000, 29.000, 29.000, 29.000, 29.000, 30.000, 30.000, 30.000, 30.000
15:26:41, 33.000, 31.000, 38.000, 26.000, 33.000, 28.000, 31.000, 31.000, 31.000, 34.000, 33.000, 29.000, 29.000, 29.000, 29.000, 30.000, 30.000, 30.000, 30.000
15:26:42, 33.000, 32.000, 38.000, 26.000, 33.000, 28.000, 31.000, 31.000, 31.000, 34.000, 33.000, 29.000, 29.000, 29.000, 29.000, 30.000, 30.000, 30.000, 30.000
15:26:43, 33.000, 31.000, 38.000, 26.000, 33.000, 28.000, 31.000, 30.000, 31.000, 34.000, 33.000, 29.000, 29.000, 29.000, 29.000, 30.000, 30.000, 30.000, 30.000
15:26:44, 33.000, 31.000, 38.000, 26.000, 33.000, 28.000, 31.000, 30.000, 31.000, 34.000, 33.000, 29.000, 29.000, 29.000, 29.000, 30.000, 30.000, 30.000, 30.000
15:26:45, 33.000, 32.000, 38.000, 26.000, 33.000, 28.000, 31.000, 30.000, 31.000, 34.000, 33.000, 29.000, 29.000, 29.000, 29.000, 30.000, 30.000, 30.000, 30.000
15:26:46, 33.000, 32.000, 38.000, 26.000, 33.000, 28.000, 31.000, 31.000, 31.000, 34.000, 33.000, 29.000, 29.000, 29.000, 29.000, 30.000, 30.000, 30.000, 30.000
15:26:47, 33.000, 32.000, 38.000, 26.000, 33.000, 28.000, 31.000, 31.000, 31.000, 34.000, 33.000, 29.000, 29.000, 29.000, 29.000, 30.000, 30.000, 30.000, 30.000
15:26:48, 33.000, 31.000, 38.000, 26.000, 33.000, 28.000, 31.000, 31.000, 31.000, 34.000, 33.000, 29.000, 29.000, 29.000, 29.000, 30.000, 30.000, 30.000, 30.000
15:26:49, 33.000, 32.000, 38.000, 26.000, 33.000, 28.000, 31.000, 31.000, 31.000, 34.000, 33.000, 29.000, 29.000, 29.000, 29.000, 30.000, 30.000, 30.000, 30.000
15:26:50, 33.000, 32.000, 38.000, 26.000, 33.000, 28.000, 31.000, 31.000, 31.000, 34.000, 33.000, 29.000, 29.000, 29.000, 29.000, 30.000, 30.000, 30.000, 30.000
15:26:51, 33.000, 32.000, 38.000, 26.000, 33.000, 28.000, 31.000, 31.000, 31.000, 34.000, 33.000, 29.000, 29.000, 29.000, 29.000, 30.000, 30.000, 30.000, 30.000
15:26:52, 33.000, 32.000, 38.000, 26.000, 33.000, 28.000, 31.000, 31.000, 31.000, 34.000, 33.000, 29.000, 29.000, 29.000, 29.000, 30.000, 30.000, 30.000, 30.000
15:26:53, 33.000, 32.000, 38.000, 26.000, 33.000, 28.000, 31.000, 31.000, 31.000, 34.000, 33.000, 29.000, 29.000, 29.000, 29.000, 30.000, 30.000, 30.000, 30.000
15:26:54, 33.000, 32.000, 38.000, 26.000, 33.000, 28.000, 31.000, 31.000, 31.000, 34.000, 33.000, 29.000, 29.000, 29.000, 29.000, 30.000, 30.000, 30.000, 30.000
15:26:55, 33.000, 32.000, 38.000, 26.000, 33.000, 28.000, 31.000, 31.000, 31.000, 34.000, 33.000, 29.000, 29.000, 29.000, 29.000, 30.000, 30.000, 30.000, 30.000
15:26:56, 33.000, 32.000, 38.000, 26.000, 33.000, 28.000, 31.000, 31.000, 31.000, 34.000, 33.000, 29.000, 29.000, 29.000, 29.000, 30.000, 30.000, 30.000, 30.000
15:26:57, 33.000, 32.000, 38.000, 26.000, 33.000, 28.000, 31.000, 31.000, 31.000, 34.000, 33.000, 29.000, 29.000, 29.000, 29.000, 30.000, 30.000, 30.000, 30.000
15:26:58, 33.000, 32.000, 38.000, 26.000, 33.000, 28.000, 31.000, 31.000, 31.000, 34.000, 33.000, 29.000, 29.000, 29.000, 29.000, 30.000, 30.000, 30.000, 30.000
15:26:59, 33.000, 32.000, 38.000, 26.000, 33.000, 28.000, 31.000, 31.000, 31.000, 34.000, 33.000, 29.000, 29.000, 29.000, 29.000, 30.000, 30.000, 30.000, 30.000
15:27:00, 33.000, 32.000, 38.000, 26.000, 33.000, 28.000, 31.000, 31.000, 31.000, 34.000, 33.000, 29.000, 29.000, 29.000, 29.000, 30.000, 30.000, 30.000, 30.000
15:27:01, 33.000, 32.000, 38.000, 26.000, 33.000, 28.000, 31.000, 31.000, 31.000, 34.000, 33.000, 29.000, 29.000, 29.000, 29.000, 30.000, 30.000, 30.000, 30.000
15:27:02, 33.000, 32.000, 38.000, 26.000, 33.000, 28.000, 31.000, 31.000, 31.000, 34.000, 33.000, 29.000, 29.000, 29.000, 29.000, 30.000, 30.000, 30.000, 30.000
15:27:03, 33.000, 31.000, 38.000, 26.000, 33.000, 28.000, 31.000, 31.000, 31.000, 34.000, 33.000, 29.000, 29.000, 29.000, 29.000, 30.000, 30.000, 30.000, 30.000
15:27:04, 33.000, 31.000, 38.000, 26.000, 33.000, 28.000, 31.000, 31.000, 31.000, 34.000, 33.000, 29.000, 29.000, 29.000, 29.000, 30.000, 30.000, 30.000, 30.000
15:27:06, 33.000, 32.000, 38.000, 26.000, 33.000, 28.000, 31.000, 31.000, 31.000, 34.000, 33.000, 29.000, 29.000, 29.000, 29.000, 30.000, 30.000, 30.000, 30.000
15:27:07, 33.000, 32.000, 38.000, 26.000, 33.000, 28.000, 31.000, 31.000, 31.000, 34.000, 33.000, 29.000, 29.000, 29.000, 29.000, 30.000, 30.000, 30.000, 30.000
15:27:07, 33.000, 32.000, 38.000, 26.000, 33.000, 28.000, 31.000, 31.000, 31.000, 34.000, 33.000, 29.000, 29.000, 29.000, 29.000, 30.000, 30.000, 30.000, 30.000
15:27:08, 33.000, 31.000, 38.000, 26.000, 33.000, 28.000, 31.000, 31.000, 31.000, 34.000, 33.000, 29.000, 29.000, 29.000, 29.000, 30.000, 30.000, 30.000, 30.000
15:27:09, 33.000, 31.000, 38.000, 26.000, 33.000, 28.000, 31.000, 31.000, 31.000, 34.000, 33.000, 29.000, 29.000, 29.000, 29.000, 30.000, 30.000, 30.000, 30.000
15:27:10, 33.000, 31.000, 38.000, 26.000, 33.000, 28.000, 31.000, 31.000, 31.000, 34.000, 33.000, 29.000, 29.000, 29.000, 29.000, 30.000, 30.000, 30.000, 30.000
15:27:12, 33.000, 31.000, 38.000, 26.000, 33.000, 28.000, 31.000, 31.000, 31.000, 34.000, 33.000, 29.000, 29.000, 29.000, 29.000, 30.000, 30.000, 30.000, 30.000
15:27:13, 33.000, 31.000, 38.000, 26.000, 33.000, 28.000, 31.000, 31.000, 31.000, 34.000, 33.000, 29.000, 29.000, 29.000, 29.000, 30.000, 30.000, 29.000, 30.000
15:27:14, 33.000, 32.000, 38.000, 26.000, 33.000, 28.000, 31.000, 31.000, 31.000, 34.000, 33.000, 29.000, 29.000, 29.000, 29.000, 30.000, 30.000, 29.000, 30.000
15:27:15, 33.000, 32.000, 38.000, 26.000, 33.000, 28.000, 31.000, 31.000, 31.000, 34.000, 33.000, 29.000, 29.000, 29.000, 29.000, 30.000, 30.000, 29.000, 30.000
15:27:16, 33.000, 32.000, 38.000, 26.000, 33.000, 28.000, 31.000, 31.000, 31.000, 34.000, 33.000, 29.000, 29.000, 29.000, 29.000, 30.000, 30.000, 29.000, 30.000
15:27:17, 33.000, 32.000, 38.000, 26.000, 33.000, 28.000, 31.000, 31.000, 31.000, 34.000, 33.000, 29.000, 29.000, 29.000, 29.000, 30.000, 30.000, 29.000, 30.000
15:27:18, 33.000, 32.000, 38.000, 26.000, 33.000, 28.000, 31.000, 31.000, 31.000, 34.000, 33.000, 29.000, 29.000, 29.000, 29.000, 30.000, 30.000, 29.000, 30.000
15:27:19, 33.000, 32.000, 38.000, 26.000, 33.000, 28.000, 31.000, 31.000, 31.000, 34.000, 33.000, 29.000, 29.000, 29.000, 29.000, 30.000, 30.000, 29.000, 30.000
15:27:20, 33.000, 32.000, 38.000, 26.000, 33.000, 28.000, 31.000, 31.000, 31.000, 34.000, 33.000, 29.000, 29.000, 29.000, 29.000, 30.000, 30.000, 29.000, 30.000
15:27:21, 33.000, 32.000, 38.000, 26.000, 33.000, 28.000, 31.000, 31.000, 31.000, 34.000, 33.000, 29.000, 29.000, 29.000, 29.000, 30.000, 30.000, 29.000, 30.000
15:27:22, 33.000, 32.000, 38.000, 26.000, 33.000, 28.000, 31.000, 31.000, 31.000, 34.000, 33.000, 29.000, 29.000, 29.000, 29.000, 30.000, 30.000, 30.000, 30.000
15:27:23, 33.000, 32.000, 38.000, 26.000, 33.000, 28.000, 31.000, 31.000, 31.000, 34.000, 33.000, 29.000, 29.000, 29.000, 29.000, 30.000, 30.000, 30.000, 30.000
15:27:24, 33.000, 32.000, 38.000, 26.000, 33.000, 28.000, 31.000, 30.000, 31.000, 34.000, 33.000, 29.000, 29.000, 29.000, 29.000, 30.000, 30.000, 30.000, 30.000
15:27:25, 33.000, 32.000, 38.000, 26.000, 33.000, 28.000, 31.000, 30.000, 31.000, 34.000, 33.000, 29.000, 29.000, 29.000, 29.000, 30.000, 30.000, 30.000, 30.000
15:27:26, 33.000, 32.000, 38.000, 26.000, 33.000, 28.000, 31.000, 30.000, 31.000, 34.000, 33.000, 29.000, 29.000, 29.000, 29.000, 30.000, 30.000, 30.000, 30.000
15:27:27, 33.000, 31.000, 38.000, 26.000, 33.000, 28.000, 31.000, 31.000, 31.000, 34.000, 33.000, 29.000, 29.000, 29.000, 29.000, 30.000, 30.000, 30.000, 30.000
15:27:28, 33.000, 31.000, 38.000, 26.000, 33.000, 28.000, 31.000, 31.000, 31.000, 34.000, 33.000, 29.000, 29.000, 29.000, 29.000, 30.000, 30.000, 30.000, 30.000
15:27:29, 33.000, 31.000, 38.000, 26.000, 33.000, 28.000, 31.000, 31.000, 31.000, 34.000, 33.000, 29.000, 29.000, 29.000, 29.000, 30.000, 30.000, 30.000, 30.000
15:27:30, 33.000, 32.000, 38.000, 26.000, 33.000, 28.000, 31.000, 31.000, 31.000, 34.000, 33.000, 29.000, 29.000, 29.000, 29.000, 30.000, 30.000, 30.000, 30.000
15:27:31, 33.000, 31.000, 38.000, 26.000, 33.000, 28.000, 31.000, 31.000, 31.000, 34.000, 33.000, 29.000, 29.000, 29.000, 29.000, 30.000, 30.000, 30.000, 30.000
15:27:32, 33.000, 31.000, 38.000, 26.000, 33.000, 28.000, 31.000, 31.000, 31.000, 34.000, 33.000, 29.000, 29.000, 29.000, 29.000, 30.000, 30.000, 30.000, 30.000
15:27:33, 33.000, 31.000, 38.000, 26.000, 33.000, 28.000, 31.000, 31.000, 31.000, 34.000, 33.000, 29.000, 29.000, 29.000, 29.000, 30.000, 30.000, 30.000, 30.000
15:27:34, 33.000, 32.000, 38.000, 26.000, 33.000, 28.000, 31.000, 31.000, 31.000, 34.000, 33.000, 29.000, 29.000, 29.000, 29.000, 30.000, 30.000, 30.000, 30.000
15:27:35, 33.000, 31.000, 38.000, 26.000, 33.000, 28.000, 31.000, 31.000, 31.000, 34.000, 33.000, 29.000, 29.000, 29.000, 29.000, 30.000, 30.000, 30.000, 30.000
15:27:36, 33.000, 32.000, 38.000, 26.000, 33.000, 28.000, 31.000, 31.000, 31.000, 34.000, 33.000, 29.000, 29.000, 29.000, 29.000, 30.000, 30.000, 30.000, 30.000
15:27:37, 33.000, 32.000, 38.000, 26.000, 33.000, 28.000, 31.000, 31.000, 31.000, 34.000, 33.000, 29.000, 29.000, 29.000, 29.000, 30.000, 30.000, 29.000, 30.000
15:27:38, 33.000, 31.000, 38.000, 26.000, 33.000, 28.000, 31.000, 31.000, 31.000, 34.000, 33.000, 29.000, 29.000, 29.000, 29.000, 30.000, 30.000, 29.000, 30.000
15:27:39, 33.000, 31.000, 38.000, 26.000, 33.000, 28.000, 31.000, 31.000, 31.000, 34.000, 33.000, 29.000, 29.000, 29.000, 29.000, 30.000, 30.000, 29.000, 30.000
