15:26:39, 37.000, 36.000, 37.000, 28.000, 33.000, 31.000, 34.000, 34.000, 32.000, 35.000, 37.000, 32.000, 32.000, 29.000, 29.000, 30.000, 30.000, 34.000, 34.000
15:26:40, 37.000, 35.000, 37.000, 28.000, 33.000, 31.000, 34.000, 34.000, 32.000, 35.000, 37.000, 32.000, 32.000, 29.000, 29.000, 30.000, 30.000, 34.000, 34.000
15:26:41, 36.000, 35.000, 37.000, 28.000, 33.000, 31.000, 34.000, 34.000, 32.000, 35.000, 37.000, 32.000, 32.000, 29.000, 29.000, 30.000, 30.000, 34.000, 34.000
15:26:42, 37.000, 35.000, 37.000, 28.000, 33.000, 31.000, 34.000, 33.000, 32.000, 35.000, 37.000, 32.000, 32.000, 29.000, 29.000, 30.000, 30.000, 34.000, 34.000
15:26:43, 36.000, 35.000, 37.000, 28.000, 33.000, 31.000, 34.000, 33.000, 32.000, 35.000, 38.000, 32.000, 32.000, 29.000, 29.000, 30.000, 30.000, 34.000, 34.000
15:26:44, 36.000, 34.000, 37.000, 28.000, 33.000, 31.000, 34.000, 33.000, 32.000, 35.000, 38.000, 32.000, 32.000, 29.000, 29.000, 30.000, 30.000, 34.000, 34.000
15:26:45, 36.000, 34.000, 37.000, 28.000, 33.000, 31.000, 34.000, 33.000, 32.000, 35.000, 38.000, 32.000, 32.000, 29.000, 29.000, 30.000, 30.000, 34.000, 34.000
15:26:46, 36.000, 34.000, 37.000, 28.000, 33.000, 31.000, 34.000, 33.000, 32.000, 35.000, 38.000, 32.000, 32.000, 29.000, 29.000, 30.000, 30.000, 34.000, 34.000
15:26:47, 36.000, 35.000, 37.000, 28.000, 33.000, 31.000, 34.000, 33.000, 32.000, 35.000, 38.000, 32.000, 32.000, 29.000, 29.000, 30.000, 30.000, 34.000, 34.000
15:26:48, 36.000, 34.000, 37.000, 28.000, 33.000, 31.000, 34.000, 33.000, 32.000, 35.000, 38.000, 32.000, 32.000, 29.000, 29.000, 30.000, 30.000, 34.000, 34.000
15:26:49, 36.000, 35.000, 37.000, 28.000, 33.000, 31.000, 34.000, 33.000, 32.000, 35.000, 38.000, 32.000, 32.000, 29.000, 29.000, 30.000, 30.000, 34.000, 34.000
15:26:50, 36.000, 35.000, 37.000, 28.000, 33.000, 31.000, 34.000, 33.000, 32.000, 35.000, 38.000, 32.000, 32.000, 29.000, 29.000, 29.000, 30.000, 34.000, 34.000
15:26:51, 36.000, 35.000, 37.000, 28.000, 33.000, 30.000, 34.000, 33.000, 32.000, 35.000, 37.000, 32.000, 32.000, 29.000, 29.000, 29.000, 30.000, 34.000, 34.000
15:26:52, 36.000, 34.000, 37.000, 28.000, 33.000, 30.000, 34.000, 33.000, 32.000, 35.000, 37.000, 32.000, 32.000, 29.000, 29.000, 29.000, 30.000, 34.000, 34.000
15:26:53, 36.000, 35.000, 37.000, 28.000, 33.000, 30.000, 34.000, 33.000, 32.000, 35.000, 37.000, 32.000, 32.000, 29.000, 29.000, 29.000, 30.000, 34.000, 34.000
15:26:54, 35.000, 34.000, 37.000, 28.000, 33.000, 30.000, 34.000, 33.000, 32.000, 35.000, 37.000, 32.000, 32.000, 29.000, 29.000, 29.000, 30.000, 34.000, 33.000
15:26:55, 35.000, 34.000, 37.000, 28.000, 33.000, 31.000, 34.000, 33.000, 32.000, 35.000, 37.000, 32.000, 32.000, 29.000, 29.000, 29.000, 30.000, 34.000, 33.000
15:26:56, 36.000, 34.000, 37.000, 28.000, 33.000, 31.000, 34.000, 33.000, 32.000, 35.000, 37.000, 32.000, 32.000, 29.000, 29.000, 29.000, 30.000, 34.000, 33.000
15:26:57, 36.000, 35.000, 37.000, 28.000, 33.000, 31.000, 34.000, 33.000, 32.000, 35.000, 37.000, 32.000, 32.000, 29.000, 29.000, 29.000, 30.000, 34.000, 33.000
15:26:59, 36.000, 35.000, 37.000, 28.000, 33.000, 30.000, 34.000, 33.000, 32.000, 35.000, 37.000, 32.000, 32.000, 29.000, 29.000, 29.000, 30.000, 34.000, 33.000
15:26:59, 36.000, 35.000, 37.000, 28.000, 33.000, 30.000, 34.000, 33.000, 32.000, 35.000, 37.000, 32.000, 32.000, 29.000, 29.000, 29.000, 30.000, 34.000, 33.000
15:27:00, 37.000, 36.000, 37.000, 28.000, 33.000, 30.000, 34.000, 33.000, 32.000, 35.000, 38.000, 32.000, 32.000, 29.000, 29.000, 29.000, 30.000, 34.000, 33.000
15:27:01, 38.000, 38.000, 37.000, 28.000, 33.000, 30.000, 34.000, 33.000, 32.000, 35.000, 38.000, 32.000, 32.000, 29.000, 29.000, 29.000, 30.000, 34.000, 33.000
15:27:02, 39.000, 39.000, 37.000, 28.000, 33.000, 30.000, 34.000, 33.000, 32.000, 35.000, 38.000, 32.000, 32.000, 29.000, 29.000, 29.000, 30.000, 34.000, 33.000
15:27:03, 39.000, 39.000, 37.000, 28.000, 33.000, 30.000, 33.000, 33.000, 32.000, 35.000, 37.000, 32.000, 32.000, 29.000, 29.000, 29.000, 30.000, 34.000, 33.000
15:27:04, 39.000, 39.000, 37.000, 28.000, 33.000, 30.000, 33.000, 33.000, 32.000, 35.000, 37.000, 32.000, 32.000, 29.000, 29.000, 29.000, 30.000, 34.000, 33.000
15:27:06, 39.000, 37.000, 37.000, 28.000, 33.000, 30.000, 33.000, 33.000, 32.000, 35.000, 37.000, 32.000, 32.000, 29.000, 29.000, 30.000, 30.000, 34.000, 33.000
15:27:07, 39.000, 38.000, 37.000, 28.000, 33.000, 30.000, 34.000, 34.000, 32.000, 35.000, 38.000, 33.000, 32.000, 29.000, 29.000, 30.000, 30.000, 34.000, 34.000
15:27:07, 39.000, 39.000, 37.000, 28.000, 33.000, 30.000, 34.000, 34.000, 32.000, 35.000, 38.000, 33.000, 32.000, 29.000, 29.000, 30.000, 30.000, 34.000, 34.000
15:27:08, 38.000, 38.000, 37.000, 28.000, 33.000, 30.000, 34.000, 34.000, 32.000, 35.000, 38.000, 33.000, 32.000, 29.000, 29.000, 30.000, 30.000, 34.000, 34.000
15:27:09, 38.000, 38.000, 37.000, 28.000, 33.000, 30.000, 34.000, 33.000, 32.000, 35.000, 38.000, 33.000, 32.000, 29.000, 29.000, 30.000, 30.000, 34.000, 34.000
15:27:10, 38.000, 37.000, 37.000, 28.000, 33.000, 30.000, 34.000, 33.000, 32.000, 35.000, 38.000, 33.000, 32.000, 29.000, 29.000, 30.000, 30.000, 34.000, 34.000
15:27:12, 38.000, 37.000, 37.000, 28.000, 33.000, 30.000, 34.000, 33.000, 32.000, 35.000, 38.000, 33.000, 32.000, 29.000, 29.000, 30.000, 30.000, 34.000, 34.000
15:27:13, 38.000, 37.000, 37.000, 28.000, 33.000, 30.000, 34.000, 33.000, 32.000, 35.000, 38.000, 33.000, 32.000, 29.000, 29.000, 30.000, 30.000, 34.000, 34.000
15:27:14, 38.000, 37.000, 37.000, 28.000, 33.000, 30.000, 34.000, 33.000, 32.000, 35.000, 38.000, 33.000, 32.000, 29.000, 29.000, 30.000, 30.000, 34.000, 34.000
15:27:15, 38.000, 36.000, 37.000, 28.000, 33.000, 30.000, 34.000, 33.000, 32.000, 35.000, 38.000, 33.000, 32.000, 29.000, 29.000, 30.000, 30.000, 34.000, 34.000
15:27:16, 38.000, 37.000, 37.000, 28.000, 33.000, 30.000, 34.000, 33.000, 32.000, 35.000, 37.000, 33.000, 32.000, 29.000, 29.000, 30.000, 30.000, 35.000, 34.000
15:27:17, 38.000, 37.000, 37.000, 28.000, 33.000, 30.000, 34.000, 33.000, 32.000, 35.000, 37.000, 33.000, 32.000, 29.000, 29.000, 30.000, 30.000, 35.000, 34.000
15:27:18, 38.000, 37.000, 37.000, 28.000, 33.000, 30.000, 34.000, 33.000, 32.000, 35.000, 37.000, 33.000, 32.000, 29.000, 29.000, 30.000, 30.000, 35.000, 34.000
15:27:19, 38.000, 36.000, 37.000, 28.000, 33.000, 30.000, 34.000, 33.000, 32.000, 35.000, 38.000, 33.000, 32.000, 29.000, 29.000, 30.000, 30.000, 35.000, 34.000
15:27:20, 38.000, 36.000, 37.000, 28.000, 33.000, 30.000, 34.000, 33.000, 32.000, 35.000, 38.000, 33.000, 32.000, 29.000, 29.000, 30.000, 30.000, 35.000, 34.000
15:27:21, 37.000, 36.000, 37.000, 28.000, 33.000, 30.000, 34.000, 33.000, 32.000, 35.000, 38.000, 33.000, 32.000, 29.000, 29.000, 30.000, 30.000, 35.000, 34.000
15:27:22, 37.000, 35.000, 37.000, 28.000, 33.000, 30.000, 34.000, 33.000, 32.000, 35.000, 38.000, 33.000, 32.000, 29.000, 29.000, 30.000, 30.000, 35.000, 34.000
15:27:23, 37.000, 35.000, 37.000, 28.000, 33.000, 30.000, 34.000, 33.000, 32.000, 35.000, 38.000, 33.000, 32.000, 29.000, 29.000, 30.000, 30.000, 35.000, 34.000
15:27:24, 36.000, 35.000, 37.000, 28.000, 33.000, 30.000, 34.000, 33.000, 33.000, 35.000, 38.000, 33.000, 32.000, 29.000, 29.000, 30.000, 30.000, 35.000, 34.000
15:27:25, 36.000, 35.000, 37.000, 28.000, 33.000, 31.000, 34.000, 33.000, 33.000, 35.000, 38.000, 33.000, 32.000, 29.000, 29.000, 30.000, 30.000, 35.000, 34.000
15:27:26, 36.000, 35.000, 38.000, 28.000, 33.000, 31.000, 34.000, 33.000, 33.000, 35.000, 38.000, 33.000, 32.000, 29.000, 29.000, 30.000, 30.000, 35.000, 34.000
15:27:27, 36.000, 35.000, 38.000, 28.000, 33.000, 31.000, 34.000, 33.000, 32.000, 35.000, 38.000, 33.000, 32.000, 29.000, 29.000, 30.000, 30.000, 34.000, 34.000
15:27:28, 36.000, 35.000, 38.000, 28.000, 33.000, 30.000, 34.000, 33.000, 32.000, 35.000, 38.000, 33.000, 32.000, 29.000, 29.000, 30.000, 30.000, 34.000, 34.000
15:27:29, 36.000, 35.000, 38.000, 28.000, 33.000, 30.000, 34.000, 33.000, 32.000, 35.000, 38.000, 33.000, 32.000, 29.000, 29.000, 30.000, 30.000, 34.000, 34.000
15:27:30, 36.000, 35.000, 38.000, 28.000, 33.000, 30.000, 34.000, 33.000, 32.000, 35.000, 38.000, 33.000, 32.000, 29.000, 29.000, 30.000, 30.000, 34.000, 34.000
15:27:31, 36.000, 34.000, 38.000, 28.000, 33.000, 31.000, 34.000, 33.000, 32.000, 35.000, 37.000, 32.000, 32.000, 29.000, 29.000, 30.000, 30.000, 34.000, 34.000
15:27:32, 36.000, 34.000, 37.000, 28.000, 33.000, 31.000, 34.000, 33.000, 32.000, 35.000, 37.000, 32.000, 32.000, 29.000, 29.000, 30.000, 30.000, 34.000, 34.000
15:27:33, 36.000, 34.000, 37.000, 28.000, 33.000, 31.000, 34.000, 33.000, 32.000, 35.000, 37.000, 32.000, 32.000, 29.000, 29.000, 30.000, 30.000, 34.000, 34.000
15:27:34, 36.000, 35.000, 37.000, 28.000, 33.000, 31.000, 34.000, 33.000, 32.000, 35.000, 38.000, 32.000, 32.000, 29.000, 29.000, 30.000, 30.000, 34.000, 34.000
15:27:35, 36.000, 34.000, 37.000, 28.000, 33.000, 31.000, 34.000, 33.000, 32.000, 35.000, 38.000, 32.000, 32.000, 29.000, 28.000, 30.000, 30.000, 34.000, 34.000
15:27:36, 36.000, 34.000, 37.000, 28.000, 33.000, 31.000, 34.000, 33.000, 32.000, 35.000, 38.000, 32.000, 32.000, 29.000, 28.000, 29.000, 30.000, 34.000, 34.000
15:27:37, 36.000, 34.000, 37.000, 28.000, 33.000, 31.000, 34.000, 33.000, 32.000, 35.000, 38.000, 32.000, 32.000, 29.000, 28.000, 29.000, 30.000, 34.000, 34.000
15:27:38, 36.000, 34.000, 37.000, 28.000, 33.000, 31.000, 34.000, 33.000, 32.000, 35.000, 38.000, 32.000, 32.000, 29.000, 28.000, 29.000, 30.000, 34.000, 34.000
15:27:39, 36.000, 34.000, 37.000, 28.000, 33.000, 31.000, 34.000, 33.000, 32.000, 35.000, 38.000, 32.000, 32.000, 29.000, 28.000, 29.000, 30.000, 34.000, 34.000
