15:26:39, 7050.000, 6900.000, 7050.000
15:26:40, 6975.000, 7050.000, 6975.000
15:26:41, 6975.000, 7050.000, 6975.000
15:26:42, 6975.000, 6975.000, 6975.000
15:26:43, 7050.000, 7050.000, 6975.000
15:26:44, 6975.000, 7050.000, 6975.000
15:26:45, 6975.000, 7050.000, 6975.000
15:26:46, 6975.000, 7050.000, 6975.000
15:26:47, 6975.000, 6900.000, 7050.000
15:26:48, 7050.000, 6900.000, 7050.000
15:26:49, 7050.000, 6900.000, 7050.000
15:26:50, 7200.000, 6900.000, 7050.000
15:26:51, 6900.000, 6900.000, 6975.000
15:26:52, 6900.000, 6900.000, 6975.000
15:26:53, 6900.000, 6900.000, 6975.000
15:26:54, 6900.000, 7050.000, 7050.000
15:26:55, 6900.000, 6900.000, 6975.000
15:26:56, 6900.000, 7050.000, 6975.000
15:26:57, 6975.000, 6975.000, 6975.000
15:26:58, 6975.000, 6975.000, 6975.000
15:26:59, 6975.000, 6975.000, 6975.000
15:27:00, 7050.000, 6900.000, 7050.000
15:27:01, 7050.000, 7050.000, 6900.000
15:27:02, 7050.000, 7050.000, 6900.000
15:27:03, 7050.000, 6975.000, 7050.000
15:27:04, 7050.000, 6975.000, 7050.000
15:27:05, 7050.000, 7050.000, 6900.000
15:27:06, 7050.000, 7050.000, 6900.000
15:27:07, 6975.000, 6900.000, 6975.000
15:27:08, 7050.000, 6900.000, 7050.000
15:27:09, 7050.000, 6900.000, 6975.000
15:27:10, 7050.000, 6900.000, 6975.000
15:27:11, 6900.000, 6900.000, 7050.000
15:27:13, 6900.000, 6900.000, 7050.000
15:27:13, 7200.000, 7050.000, 7050.000
15:27:14, 7050.000, 6975.000, 6900.000
15:27:15, 7050.000, 6975.000, 6900.000
15:27:16, 7050.000, 7050.000, 7050.000
15:27:17, 7050.000, 6975.000, 6975.000
15:27:19, 7050.000, 6975.000, 6975.000
15:27:20, 6900.000, 7050.000, 6975.000
15:27:21, 6900.000, 7050.000, 6975.000
15:27:22, 7125.000, 6900.000, 7050.000
15:27:23, 6975.000, 6900.000, 6975.000
15:27:24, 6975.000, 6900.000, 6975.000
15:27:25, 7050.000, 6900.000, 6975.000
15:27:26, 7050.000, 7125.000, 6975.000
15:27:27, 7050.000, 6900.000, 6975.000
15:27:28, 7050.000, 7050.000, 6900.000
15:27:29, 7050.000, 7050.000, 6900.000
15:27:30, 7050.000, 7050.000, 6975.000
15:27:31, 6975.000, 6900.000, 6975.000
15:27:32, 6975.000, 6900.000, 6975.000
15:27:33, 6975.000, 6900.000, 6975.000
15:27:34, 7050.000, 7050.000, 7050.000
15:27:35, 6975.000, 6900.000, 7050.000
15:27:36, 7050.000, 7050.000, 6975.000
15:27:37, 7050.000, 7050.000, 6975.000
15:27:38, 7050.000, 6900.000, 7050.000
15:27:39, 7050.000, 6900.000, 7050.000
