15:26:39, 8325.000, 8175.000, 8175.000
15:26:40, 8475.000, 8175.000, 8325.000
15:26:41, 8475.000, 8175.000, 8325.000
15:26:42, 8475.000, 8100.000, 8400.000
15:26:43, 8175.000, 8100.000, 8025.000
15:26:44, 8325.000, 8100.000, 8025.000
15:26:45, 8325.000, 8175.000, 8400.000
15:26:46, 8325.000, 8175.000, 8400.000
15:26:47, 8475.000, 8175.000, 8325.000
15:26:48, 8550.000, 8100.000, 8100.000
15:26:49, 8550.000, 8100.000, 8100.000
15:26:50, 8325.000, 8175.000, 8025.000
15:26:51, 8325.000, 8175.000, 8025.000
15:26:52, 8175.000, 8175.000, 8400.000
15:26:53, 8475.000, 8100.000, 8175.000
15:26:54, 8475.000, 8100.000, 8175.000
15:26:55, 8625.000, 8175.000, 8325.000
15:26:56, 8250.000, 8175.000, 8100.000
15:26:57, 8175.000, 8175.000, 8100.000
15:26:58, 8175.000, 8175.000, 8325.000
15:26:59, 8175.000, 8175.000, 8325.000
15:27:00, 8475.000, 8175.000, 8025.000
15:27:01, 8475.000, 8100.000, 8400.000
15:27:02, 8175.000, 8175.000, 8025.000
15:27:03, 8175.000, 8175.000, 8025.000
15:27:04, 8625.000, 8175.000, 8025.000
15:27:05, 8625.000, 8100.000, 8325.000
15:27:06, 8625.000, 8100.000, 8325.000
15:27:07, 8625.000, 8100.000, 8325.000
15:27:08, 8325.000, 8175.000, 8100.000
15:27:09, 8625.000, 8175.000, 8325.000
15:27:10, 8625.000, 8175.000, 8325.000
15:27:11, 8625.000, 8175.000, 8325.000
15:27:12, 8250.000, 8175.000, 8175.000
15:27:13, 8475.000, 8100.000, 8025.000
15:27:14, 8325.000, 8100.000, 8400.000
15:27:15, 8325.000, 8100.000, 8400.000
15:27:16, 8475.000, 8175.000, 8100.000
15:27:17, 8475.000, 8175.000, 8100.000
15:27:18, 8475.000, 8175.000, 8325.000
15:27:20, 8175.000, 8175.000, 8325.000
15:27:21, 8175.000, 8175.000, 8325.000
15:27:22, 8175.000, 8175.000, 8025.000
15:27:23, 8475.000, 8175.000, 8325.000
15:27:23, 8475.000, 8175.000, 8325.000
15:27:25, 8475.000, 8175.000, 8325.000
15:27:26, 8475.000, 8175.000, 8100.000
15:27:27, 8625.000, 8175.000, 8025.000
15:27:28, 8475.000, 8325.000, 8325.000
15:27:29, 8700.000, 8475.000, 8700.000
15:27:30, 8700.000, 8475.000, 8700.000
15:27:31, 8700.000, 8475.000, 8700.000
15:27:32, 8850.000, 8400.000, 8325.000
15:27:33, 8475.000, 8475.000, 8700.000
15:27:34, 8475.000, 8475.000, 8700.000
15:27:35, 8475.000, 8475.000, 8325.000
15:27:36, 8625.000, 8400.000, 8700.000
15:27:37, 8475.000, 8400.000, 8700.000
15:27:38, 8475.000, 8400.000, 8700.000
15:27:39, 8475.000, 8400.000, 8325.000
