15:26:39, 47.000, 42.000, 31.000, 41.000, 46.000
15:26:40, 47.000, 42.000, 30.000, 41.000, 46.000
15:26:41, 47.000, 42.000, 30.000, 41.000, 46.000
15:26:42, 47.000, 42.000, 30.000, 41.000, 46.000
15:26:43, 47.000, 42.000, 30.000, 41.000, 46.000
15:26:44, 47.000, 43.000, 31.000, 41.000, 46.000
15:26:45, 47.000, 42.000, 31.000, 41.000, 46.000
15:26:46, 47.000, 42.000, 31.000, 41.000, 46.000
15:26:47, 47.000, 42.000, 31.000, 41.000, 46.000
15:26:48, 47.000, 42.000, 31.000, 41.000, 46.000
15:26:49, 47.000, 42.000, 31.000, 41.000, 46.000
15:26:50, 47.000, 42.000, 31.000, 41.000, 46.000
15:26:51, 47.000, 42.000, 31.000, 41.000, 46.000
15:26:52, 47.000, 42.000, 31.000, 41.000, 46.000
15:26:53, 47.000, 42.000, 31.000, 41.000, 46.000
15:26:54, 47.000, 42.000, 31.000, 41.000, 46.000
15:26:55, 47.000, 42.000, 31.000, 41.000, 46.000
15:26:56, 47.000, 42.000, 31.000, 41.000, 46.000
15:26:57, 47.000, 43.000, 31.000, 41.000, 46.000
15:26:58, 47.000, 42.000, 31.000, 41.000, 46.000
15:26:59, 47.000, 42.000, 31.000, 41.000, 46.000
15:27:00, 47.000, 42.000, 31.000, 41.000, 46.000
15:27:01, 47.000, 42.000, 31.000, 41.000, 46.000
15:27:02, 47.000, 42.000, 31.000, 41.000, 46.000
15:27:03, 47.000, 42.000, 31.000, 41.000, 46.000
15:27:04, 48.000, 43.000, 31.000, 41.000, 46.000
15:27:05, 48.000, 42.000, 31.000, 41.000, 46.000
15:27:06, 47.000, 43.000, 31.000, 41.000, 46.000
15:27:07, 47.000, 43.000, 31.000, 41.000, 46.000
15:27:08, 48.000, 43.000, 31.000, 41.000, 46.000
15:27:09, 47.000, 42.000, 31.000, 41.000, 46.000
15:27:10, 47.000, 42.000, 31.000, 41.000, 46.000
15:27:11, 47.000, 42.000, 31.000, 41.000, 46.000
15:27:12, 47.000, 42.000, 31.000, 41.000, 46.000
15:27:13, 47.000, 42.000, 31.000, 41.000, 46.000
15:27:14, 47.000, 42.000, 31.000, 41.000, 46.000
15:27:15, 47.000, 43.000, 31.000, 41.000, 46.000
15:27:16, 47.000, 43.000, 31.000, 41.000, 46.000
15:27:17, 47.000, 42.000, 31.000, 41.000, 46.000
15:27:18, 48.000, 42.000, 31.000, 41.000, 46.000
15:27:20, 47.000, 42.000, 31.000, 41.000, 46.000
15:27:21, 47.000, 42.000, 31.000, 41.000, 46.000
15:27:22, 47.000, 42.000, 31.000, 41.000, 46.000
15:27:23, 48.000, 42.000, 31.000, 41.000, 46.000
15:27:23, 47.000, 42.000, 31.000, 41.000, 46.000
15:27:25, 47.000, 42.000, 31.000, 41.000, 46.000
15:27:26, 48.000, 42.000, 31.000, 41.000, 46.000
15:27:27, 51.000, 43.000, 31.000, 41.000, 46.000
15:27:28, 49.000, 43.000, 31.000, 41.000, 46.000
15:27:29, 49.000, 43.000, 31.000, 41.000, 46.000
15:27:30, 47.000, 42.000, 31.000, 41.000, 46.000
15:27:31, 47.000, 43.000, 31.000, 41.000, 46.000
15:27:32, 47.000, 42.000, 31.000, 41.000, 46.000
15:27:33, 47.000, 42.000, 31.000, 41.000, 46.000
15:27:34, 47.000, 42.000, 31.000, 41.000, 46.000
15:27:35, 48.000, 42.000, 31.000, 41.000, 46.000
15:27:36, 47.000, 42.000, 31.000, 41.000, 46.000
15:27:37, 48.000, 42.000, 31.000, 41.000, 46.000
15:27:38, 48.000, 42.000, 31.000, 41.000, 46.000
15:27:39, 47.000, 42.000, 31.000, 41.000, 46.000
