15:26:39, 36.000, 33.000, 37.000, 26.000, 34.000, 28.000, 34.000, 34.000, 32.000, 36.000, 35.000, 29.000, 29.000, 30.000, 29.000, 31.000, 30.000, 31.000, 31.000
15:26:40, 36.000, 34.000, 37.000, 26.000, 34.000, 28.000, 34.000, 34.000, 32.000, 36.000, 35.000, 29.000, 29.000, 30.000, 29.000, 31.000, 30.000, 31.000, 31.000
15:26:41, 36.000, 33.000, 37.000, 26.000, 34.000, 28.000, 34.000, 34.000, 32.000, 36.000, 35.000, 29.000, 29.000, 30.000, 29.000, 31.000, 30.000, 31.000, 31.000
15:26:42, 36.000, 33.000, 37.000, 26.000, 34.000, 28.000, 34.000, 34.000, 32.000, 36.000, 35.000, 29.000, 29.000, 30.000, 29.000, 31.000, 30.000, 31.000, 31.000
15:26:43, 36.000, 33.000, 38.000, 26.000, 34.000, 28.000, 34.000, 34.000, 32.000, 36.000, 35.000, 29.000, 29.000, 30.000, 29.000, 31.000, 30.000, 31.000, 31.000
15:26:44, 36.000, 33.000, 38.000, 26.000, 34.000, 28.000, 34.000, 34.000, 32.000, 36.000, 35.000, 30.000, 29.000, 30.000, 29.000, 31.000, 30.000, 31.000, 31.000
15:26:45, 36.000, 33.000, 38.000, 26.000, 34.000, 28.000, 34.000, 34.000, 32.000, 36.000, 35.000, 30.000, 29.000, 30.000, 29.000, 31.000, 30.000, 31.000, 31.000
15:26:46, 36.000, 33.000, 38.000, 26.000, 34.000, 28.000, 34.000, 34.000, 32.000, 36.000, 35.000, 30.000, 29.000, 30.000, 29.000, 31.000, 30.000, 31.000, 31.000
15:26:47, 36.000, 33.000, 38.000, 26.000, 34.000, 28.000, 34.000, 34.000, 32.000, 36.000, 35.000, 29.000, 29.000, 30.000, 29.000, 31.000, 30.000, 31.000, 31.000
15:26:48, 36.000, 33.000, 38.000, 26.000, 34.000, 28.000, 34.000, 34.000, 32.000, 36.000, 35.000, 29.000, 29.000, 30.000, 29.000, 31.000, 30.000, 31.000, 31.000
15:26:49, 36.000, 33.000, 37.000, 26.000, 34.000, 28.000, 34.000, 34.000, 32.000, 36.000, 35.000, 29.000, 29.000, 30.000, 29.000, 31.000, 30.000, 31.000, 31.000
15:26:50, 36.000, 33.000, 37.000, 26.000, 34.000, 28.000, 34.000, 34.000, 32.000, 36.000, 35.000, 30.000, 29.000, 30.000, 29.000, 31.000, 30.000, 31.000, 31.000
15:26:51, 36.000, 33.000, 37.000, 26.000, 34.000, 28.000, 34.000, 34.000, 32.000, 36.000, 35.000, 30.000, 29.000, 30.000, 29.000, 31.000, 30.000, 31.000, 30.000
15:26:52, 36.000, 33.000, 37.000, 26.000, 34.000, 28.000, 34.000, 34.000, 32.000, 36.000, 35.000, 30.000, 29.000, 30.000, 29.000, 31.000, 30.000, 31.000, 30.000
15:26:53, 36.000, 33.000, 37.000, 26.000, 34.000, 28.000, 34.000, 34.000, 32.000, 36.000, 35.000, 30.000, 29.000, 30.000, 29.000, 31.000, 30.000, 31.000, 30.000
15:26:54, 36.000, 33.000, 37.000, 26.000, 34.000, 28.000, 34.000, 34.000, 32.000, 36.000, 35.000, 30.000, 29.000, 30.000, 29.000, 31.000, 30.000, 31.000, 30.000
15:26:55, 36.000, 33.000, 37.000, 26.000, 34.000, 28.000, 34.000, 34.000, 32.000, 36.000, 35.000, 30.000, 29.000, 30.000, 29.000, 31.000, 30.000, 31.000, 31.000
15:26:56, 36.000, 33.000, 37.000, 26.000, 34.000, 28.000, 34.000, 34.000, 32.000, 36.000, 35.000, 30.000, 29.000, 30.000, 29.000, 31.000, 30.000, 31.000, 31.000
15:26:57, 36.000, 33.000, 37.000, 26.000, 34.000, 28.000, 34.000, 34.000, 32.000, 36.000, 35.000, 30.000, 29.000, 30.000, 29.000, 31.000, 30.000, 31.000, 31.000
15:26:59, 36.000, 33.000, 38.000, 26.000, 34.000, 28.000, 34.000, 34.000, 32.000, 36.000, 35.000, 30.000, 29.000, 30.000, 29.000, 31.000, 30.000, 31.000, 31.000
15:26:59, 36.000, 33.000, 38.000, 26.000, 34.000, 28.000, 34.000, 34.000, 32.000, 36.000, 35.000, 29.000, 29.000, 30.000, 29.000, 31.000, 30.000, 31.000, 31.000
15:27:00, 36.000, 33.000, 38.000, 26.000, 34.000, 28.000, 34.000, 34.000, 32.000, 36.000, 35.000, 29.000, 29.000, 30.000, 29.000, 31.000, 30.000, 31.000, 31.000
15:27:01, 36.000, 33.000, 38.000, 26.000, 34.000, 28.000, 34.000, 34.000, 32.000, 36.000, 35.000, 29.000, 29.000, 30.000, 29.000, 31.000, 30.000, 31.000, 31.000
15:27:02, 36.000, 33.000, 38.000, 26.000, 34.000, 28.000, 34.000, 34.000, 32.000, 36.000, 35.000, 29.000, 29.000, 30.000, 29.000, 31.000, 30.000, 31.000, 31.000
15:27:03, 36.000, 33.000, 38.000, 26.000, 34.000, 28.000, 34.000, 34.000, 32.000, 36.000, 35.000, 29.000, 29.000, 30.000, 29.000, 31.000, 30.000, 31.000, 30.000
15:27:04, 36.000, 33.000, 37.000, 26.000, 34.000, 28.000, 34.000, 34.000, 32.000, 36.000, 35.000, 29.000, 29.000, 30.000, 29.000, 31.000, 30.000, 31.000, 30.000
15:27:06, 36.000, 33.000, 37.000, 26.000, 34.000, 28.000, 34.000, 34.000, 31.000, 36.000, 35.000, 29.000, 29.000, 30.000, 29.000, 31.000, 30.000, 31.000, 30.000
15:27:07, 36.000, 33.000, 37.000, 26.000, 34.000, 28.000, 34.000, 34.000, 31.000, 36.000, 35.000, 29.000, 29.000, 30.000, 29.000, 31.000, 30.000, 31.000, 31.000
15:27:08, 36.000, 33.000, 38.000, 26.000, 34.000, 28.000, 34.000, 34.000, 31.000, 36.000, 35.000, 29.000, 29.000, 30.000, 29.000, 31.000, 30.000, 31.000, 31.000
15:27:09, 36.000, 33.000, 38.000, 26.000, 34.000, 28.000, 34.000, 34.000, 32.000, 36.000, 35.000, 30.000, 29.000, 30.000, 29.000, 31.000, 30.000, 31.000, 31.000
15:27:09, 36.000, 33.000, 38.000, 26.000, 34.000, 28.000, 34.000, 34.000, 32.000, 36.000, 35.000, 30.000, 29.000, 30.000, 29.000, 31.000, 30.000, 31.000, 31.000
15:27:11, 36.000, 33.000, 37.000, 26.000, 34.000, 28.000, 34.000, 34.000, 32.000, 36.000, 35.000, 30.000, 29.000, 30.000, 29.000, 31.000, 30.000, 31.000, 30.000
15:27:12, 36.000, 33.000, 37.000, 26.000, 34.000, 28.000, 34.000, 34.000, 32.000, 36.000, 35.000, 29.000, 29.000, 30.000, 29.000, 31.000, 30.000, 31.000, 30.000
15:27:13, 36.000, 33.000, 37.000, 26.000, 34.000, 28.000, 34.000, 34.000, 32.000, 36.000, 35.000, 29.000, 29.000, 30.000, 29.000, 31.000, 30.000, 31.000, 31.000
15:27:14, 36.000, 33.000, 37.000, 26.000, 34.000, 28.000, 34.000, 34.000, 32.000, 36.000, 35.000, 29.000, 29.000, 30.000, 29.000, 31.000, 30.000, 31.000, 31.000
15:27:15, 36.000, 33.000, 37.000, 26.000, 34.000, 28.000, 34.000, 34.000, 32.000, 36.000, 35.000, 29.000, 29.000, 30.000, 29.000, 31.000, 30.000, 31.000, 31.000
15:27:16, 36.000, 33.000, 37.000, 26.000, 34.000, 28.000, 34.000, 34.000, 32.000, 36.000, 35.000, 29.000, 29.000, 30.000, 29.000, 31.000, 30.000, 31.000, 31.000
15:27:17, 36.000, 33.000, 37.000, 26.000, 34.000, 28.000, 34.000, 34.000, 32.000, 36.000, 35.000, 29.000, 29.000, 30.000, 29.000, 31.000, 30.000, 31.000, 31.000
15:27:18, 36.000, 33.000, 37.000, 26.000, 34.000, 28.000, 34.000, 34.000, 32.000, 36.000, 35.000, 29.000, 29.000, 30.000, 29.000, 31.000, 30.000, 31.000, 31.000
15:27:19, 36.000, 33.000, 37.000, 26.000, 34.000, 28.000, 34.000, 34.000, 32.000, 36.000, 35.000, 29.000, 29.000, 30.000, 29.000, 31.000, 30.000, 31.000, 31.000
15:27:20, 36.000, 33.000, 37.000, 26.000, 34.000, 28.000, 34.000, 34.000, 32.000, 36.000, 35.000, 29.000, 29.000, 30.000, 29.000, 31.000, 30.000, 31.000, 31.000
15:27:21, 36.000, 33.000, 37.000, 26.000, 34.000, 28.000, 34.000, 34.000, 32.000, 36.000, 35.000, 30.000, 29.000, 30.000, 29.000, 31.000, 30.000, 31.000, 31.000
15:27:22, 36.000, 34.000, 37.000, 26.000, 34.000, 28.000, 34.000, 34.000, 32.000, 36.000, 35.000, 30.000, 29.000, 30.000, 29.000, 31.000, 30.000, 31.000, 30.000
15:27:23, 36.000, 34.000, 37.000, 26.000, 34.000, 28.000, 34.000, 34.000, 32.000, 36.000, 35.000, 30.000, 29.000, 30.000, 29.000, 31.000, 30.000, 31.000, 30.000
15:27:24, 36.000, 34.000, 37.000, 26.000, 34.000, 28.000, 34.000, 34.000, 32.000, 36.000, 35.000, 30.000, 29.000, 30.000, 29.000, 31.000, 30.000, 31.000, 30.000
15:27:25, 36.000, 34.000, 37.000, 26.000, 34.000, 28.000, 34.000, 34.000, 32.000, 36.000, 35.000, 30.000, 29.000, 30.000, 29.000, 31.000, 30.000, 31.000, 30.000
15:27:26, 36.000, 33.000, 37.000, 26.000, 34.000, 28.000, 34.000, 34.000, 32.000, 36.000, 35.000, 30.000, 29.000, 30.000, 29.000, 31.000, 30.000, 31.000, 30.000
15:27:27, 36.000, 33.000, 37.000, 26.000, 34.000, 28.000, 34.000, 35.000, 32.000, 36.000, 35.000, 30.000, 29.000, 30.000, 29.000, 31.000, 30.000, 31.000, 30.000
15:27:28, 36.000, 33.000, 37.000, 26.000, 34.000, 28.000, 34.000, 35.000, 32.000, 36.000, 35.000, 30.000, 29.000, 30.000, 29.000, 31.000, 30.000, 31.000, 31.000
15:27:29, 36.000, 33.000, 37.000, 26.000, 34.000, 28.000, 34.000, 35.000, 32.000, 36.000, 35.000, 30.000, 29.000, 30.000, 29.000, 31.000, 30.000, 31.000, 31.000
15:27:30, 36.000, 33.000, 37.000, 26.000, 34.000, 28.000, 34.000, 34.000, 32.000, 36.000, 35.000, 30.000, 29.000, 30.000, 29.000, 31.000, 30.000, 31.000, 31.000
15:27:31, 36.000, 33.000, 37.000, 26.000, 34.000, 28.000, 34.000, 34.000, 32.000, 36.000, 35.000, 30.000, 29.000, 30.000, 29.000, 31.000, 30.000, 31.000, 31.000
15:27:32, 36.000, 33.000, 37.000, 26.000, 34.000, 28.000, 34.000, 34.000, 32.000, 36.000, 35.000, 30.000, 29.000, 30.000, 29.000, 31.000, 30.000, 31.000, 30.000
15:27:33, 36.000, 33.000, 37.000, 26.000, 34.000, 28.000, 34.000, 34.000, 32.000, 36.000, 35.000, 30.000, 29.000, 30.000, 29.000, 31.000, 30.000, 31.000, 30.000
15:27:34, 36.000, 33.000, 37.000, 26.000, 34.000, 28.000, 34.000, 34.000, 32.000, 36.000, 35.000, 30.000, 29.000, 30.000, 29.000, 31.000, 30.000, 31.000, 31.000
15:27:35, 36.000, 33.000, 37.000, 26.000, 34.000, 28.000, 34.000, 34.000, 32.000, 36.000, 35.000, 30.000, 29.000, 30.000, 29.000, 31.000, 30.000, 31.000, 31.000
15:27:36, 36.000, 33.000, 37.000, 26.000, 34.000, 28.000, 34.000, 34.000, 32.000, 36.000, 35.000, 30.000, 29.000, 30.000, 29.000, 31.000, 30.000, 31.000, 31.000
15:27:37, 36.000, 33.000, 37.000, 26.000, 34.000, 28.000, 34.000, 34.000, 32.000, 36.000, 35.000, 30.000, 29.000, 30.000, 29.000, 31.000, 30.000, 31.000, 31.000
15:27:38, 36.000, 33.000, 37.000, 26.000, 34.000, 28.000, 34.000, 34.000, 32.000, 36.000, 35.000, 30.000, 29.000, 30.000, 29.000, 31.000, 30.000, 31.000, 31.000
15:27:39, 36.000, 33.000, 37.000, 26.000, 34.000, 28.000, 34.000, 34.000, 32.000, 36.000, 35.000, 29.000, 29.000, 30.000, 29.000, 31.000, 30.000, 31.000, 31.000
