15:26:39, 9384.000, 9384.000, 9384.000
15:26:40, 9384.000, 9384.000, 9384.000
15:26:41, 9384.000, 9384.000, 9384.000
15:26:42, 9384.000, 9384.000, 9384.000
15:26:43, 9384.000, 9384.000, 9384.000
15:26:44, 9384.000, 9384.000, 9384.000
15:26:45, 9384.000, 9384.000, 9384.000
15:26:46, 9384.000, 9384.000, 9384.000
15:26:47, 9384.000, 9384.000, 9384.000
15:26:48, 9384.000, 9384.000, 9384.000
15:26:49, 9384.000, 9384.000, 9384.000
15:26:50, 9384.000, 9384.000, 9384.000
15:26:51, 9384.000, 9384.000, 9384.000
15:26:52, 9384.000, 9384.000, 9384.000
15:26:53, 9384.000, 9384.000, 9384.000
15:26:54, 9384.000, 9384.000, 9384.000
15:26:55, 9384.000, 9384.000, 9384.000
15:26:56, 9384.000, 9384.000, 9384.000
15:26:57, 9384.000, 9384.000, 9384.000
15:26:58, 9384.000, 9384.000, 9384.000
15:26:59, 9384.000, 9384.000, 9384.000
15:27:00, 9384.000, 9384.000, 9384.000
15:27:01, 9384.000, 9384.000, 9384.000
15:27:02, 9384.000, 9384.000, 9384.000
15:27:03, 9384.000, 9384.000, 9384.000
15:27:04, 9384.000, 9384.000, 9384.000
15:27:05, 9384.000, 9384.000, 9384.000
15:27:06, 9384.000, 9384.000, 9384.000
15:27:07, 9384.000, 9384.000, 9384.000
15:27:08, 9384.000, 9384.000, 9384.000
15:27:09, 9384.000, 9384.000, 9384.000
15:27:10, 9384.000, 9384.000, 9384.000
15:27:11, 9384.000, 9384.000, 9384.000
15:27:13, 9384.000, 9384.000, 9384.000
15:27:14, 9384.000, 9384.000, 9384.000
15:27:15, 9384.000, 9384.000, 9384.000
15:27:16, 9384.000, 9384.000, 9384.000
15:27:17, 9384.000, 9384.000, 9384.000
15:27:18, 9384.000, 9384.000, 9384.000
15:27:19, 9384.000, 9384.000, 9384.000
15:27:20, 9384.000, 9384.000, 9384.000
15:27:21, 9384.000, 9384.000, 9384.000
15:27:22, 9384.000, 9384.000, 9384.000
15:27:23, 9384.000, 9384.000, 9384.000
15:27:24, 9384.000, 9384.000, 9384.000
15:27:25, 9384.000, 9384.000, 9384.000
15:27:26, 9384.000, 9384.000, 9384.000
15:27:27, 9384.000, 9384.000, 9384.000
15:27:28, 9384.000, 9384.000, 9384.000
15:27:29, 9384.000, 9384.000, 9384.000
15:27:30, 9384.000, 9384.000, 9384.000
15:27:31, 9384.000, 9384.000, 9384.000
15:27:32, 9384.000, 9384.000, 9384.000
15:27:33, 9384.000, 9384.000, 9384.000
15:27:34, 9384.000, 9384.000, 9384.000
15:27:35, 9384.000, 9384.000, 9384.000
15:27:36, 9384.000, 9384.000, 9384.000
15:27:37, 9384.000, 9384.000, 9384.000
15:27:38, 9384.000, 9384.000, 9384.000
15:27:39, 9384.000, 9384.000, 9384.000
