15:26:39, 41.000, 38.000, 38.000, 26.000, 34.000, 30.000, 32.000, 33.000, 33.000, 35.000, 35.000, 30.000, 31.000, 30.000, 30.000, 31.000, 30.000, 31.000, 32.000
15:26:40, 41.000, 38.000, 38.000, 26.000, 34.000, 30.000, 32.000, 34.000, 33.000, 35.000, 35.000, 30.000, 31.000, 30.000, 30.000, 31.000, 30.000, 31.000, 32.000
15:26:41, 41.000, 38.000, 38.000, 26.000, 34.000, 30.000, 32.000, 34.000, 33.000, 35.000, 35.000, 30.000, 31.000, 30.000, 30.000, 31.000, 31.000, 31.000, 32.000
15:26:42, 41.000, 38.000, 38.000, 26.000, 34.000, 30.000, 32.000, 34.000, 33.000, 35.000, 35.000, 30.000, 31.000, 30.000, 30.000, 31.000, 31.000, 31.000, 32.000
15:26:43, 41.000, 38.000, 38.000, 26.000, 34.000, 30.000, 32.000, 33.000, 33.000, 35.000, 35.000, 30.000, 31.000, 30.000, 30.000, 31.000, 31.000, 31.000, 32.000
15:26:44, 41.000, 38.000, 38.000, 26.000, 34.000, 30.000, 32.000, 33.000, 33.000, 35.000, 35.000, 30.000, 31.000, 30.000, 30.000, 31.000, 30.000, 31.000, 32.000
15:26:45, 41.000, 38.000, 38.000, 26.000, 34.000, 30.000, 32.000, 33.000, 33.000, 35.000, 35.000, 30.000, 31.000, 30.000, 30.000, 31.000, 30.000, 31.000, 32.000
15:26:46, 41.000, 38.000, 38.000, 26.000, 34.000, 30.000, 32.000, 34.000, 32.000, 35.000, 35.000, 30.000, 31.000, 30.000, 30.000, 31.000, 30.000, 31.000, 32.000
15:26:47, 41.000, 38.000, 38.000, 26.000, 34.000, 30.000, 32.000, 34.000, 32.000, 35.000, 35.000, 30.000, 31.000, 30.000, 30.000, 31.000, 30.000, 31.000, 32.000
15:26:48, 41.000, 38.000, 38.000, 26.000, 34.000, 31.000, 32.000, 34.000, 32.000, 35.000, 35.000, 30.000, 31.000, 30.000, 30.000, 31.000, 30.000, 31.000, 32.000
15:26:49, 41.000, 38.000, 38.000, 26.000, 34.000, 31.000, 32.000, 34.000, 32.000, 35.000, 35.000, 30.000, 31.000, 30.000, 30.000, 31.000, 30.000, 31.000, 32.000
15:26:50, 41.000, 39.000, 38.000, 26.000, 34.000, 31.000, 32.000, 34.000, 33.000, 35.000, 35.000, 30.000, 31.000, 30.000, 30.000, 31.000, 31.000, 31.000, 32.000
15:26:51, 41.000, 39.000, 38.000, 26.000, 34.000, 30.000, 32.000, 34.000, 33.000, 35.000, 35.000, 30.000, 31.000, 30.000, 30.000, 31.000, 31.000, 31.000, 32.000
15:26:52, 41.000, 39.000, 38.000, 26.000, 34.000, 30.000, 32.000, 34.000, 33.000, 36.000, 35.000, 30.000, 31.000, 30.000, 30.000, 31.000, 31.000, 31.000, 32.000
15:26:53, 41.000, 39.000, 38.000, 26.000, 34.000, 30.000, 32.000, 34.000, 33.000, 36.000, 35.000, 30.000, 31.000, 30.000, 30.000, 31.000, 31.000, 31.000, 32.000
15:26:54, 41.000, 39.000, 38.000, 26.000, 34.000, 30.000, 32.000, 34.000, 33.000, 36.000, 35.000, 30.000, 31.000, 30.000, 30.000, 31.000, 31.000, 31.000, 32.000
15:26:55, 41.000, 39.000, 38.000, 26.000, 34.000, 30.000, 32.000, 34.000, 33.000, 35.000, 35.000, 30.000, 31.000, 30.000, 30.000, 31.000, 31.000, 31.000, 32.000
15:26:56, 41.000, 39.000, 38.000, 26.000, 34.000, 30.000, 32.000, 34.000, 33.000, 35.000, 35.000, 30.000, 31.000, 30.000, 30.000, 31.000, 31.000, 31.000, 32.000
15:26:57, 41.000, 39.000, 38.000, 26.000, 34.000, 30.000, 32.000, 34.000, 33.000, 35.000, 35.000, 30.000, 31.000, 30.000, 30.000, 31.000, 31.000, 31.000, 33.000
15:26:59, 40.000, 39.000, 38.000, 26.000, 34.000, 30.000, 32.000, 34.000, 33.000, 35.000, 35.000, 30.000, 31.000, 30.000, 30.000, 31.000, 31.000, 31.000, 33.000
15:26:59, 40.000, 39.000, 38.000, 26.000, 34.000, 30.000, 32.000, 34.000, 33.000, 35.000, 35.000, 30.000, 30.000, 30.000, 30.000, 31.000, 31.000, 31.000, 33.000
15:27:00, 40.000, 39.000, 38.000, 26.000, 34.000, 30.000, 32.000, 34.000, 33.000, 35.000, 35.000, 30.000, 30.000, 30.000, 30.000, 31.000, 31.000, 31.000, 33.000
15:27:01, 40.000, 39.000, 38.000, 26.000, 34.000, 30.000, 32.000, 34.000, 33.000, 35.000, 35.000, 30.000, 30.000, 30.000, 30.000, 31.000, 31.000, 31.000, 33.000
15:27:02, 40.000, 39.000, 38.000, 26.000, 34.000, 30.000, 32.000, 34.000, 33.000, 35.000, 35.000, 30.000, 30.000, 30.000, 30.000, 31.000, 31.000, 31.000, 33.000
15:27:03, 40.000, 39.000, 38.000, 26.000, 34.000, 30.000, 32.000, 34.000, 33.000, 35.000, 35.000, 30.000, 30.000, 30.000, 30.000, 31.000, 31.000, 31.000, 33.000
15:27:04, 40.000, 39.000, 38.000, 26.000, 34.000, 30.000, 32.000, 34.000, 33.000, 35.000, 35.000, 30.000, 30.000, 30.000, 30.000, 31.000, 31.000, 31.000, 33.000
15:27:05, 40.000, 39.000, 38.000, 26.000, 34.000, 30.000, 32.000, 34.000, 33.000, 35.000, 35.000, 30.000, 30.000, 30.000, 30.000, 31.000, 31.000, 31.000, 33.000
15:27:07, 40.000, 39.000, 38.000, 26.000, 34.000, 30.000, 32.000, 34.000, 33.000, 35.000, 35.000, 30.000, 30.000, 30.000, 30.000, 31.000, 31.000, 31.000, 33.000
15:27:07, 40.000, 39.000, 38.000, 26.000, 34.000, 30.000, 32.000, 34.000, 33.000, 35.000, 35.000, 30.000, 30.000, 30.000, 30.000, 31.000, 31.000, 31.000, 33.000
15:27:08, 40.000, 39.000, 38.000, 26.000, 34.000, 30.000, 32.000, 34.000, 33.000, 35.000, 35.000, 30.000, 30.000, 30.000, 30.000, 31.000, 31.000, 31.000, 33.000
15:27:09, 40.000, 39.000, 38.000, 26.000, 34.000, 30.000, 32.000, 34.000, 33.000, 35.000, 35.000, 30.000, 30.000, 29.000, 30.000, 31.000, 31.000, 31.000, 33.000
15:27:10, 40.000, 39.000, 38.000, 26.000, 34.000, 30.000, 32.000, 34.000, 32.000, 36.000, 35.000, 30.000, 30.000, 29.000, 30.000, 31.000, 31.000, 31.000, 33.000
15:27:12, 40.000, 39.000, 38.000, 26.000, 34.000, 30.000, 32.000, 34.000, 32.000, 36.000, 35.000, 30.000, 30.000, 29.000, 30.000, 31.000, 31.000, 31.000, 33.000
15:27:13, 40.000, 39.000, 38.000, 26.000, 34.000, 30.000, 32.000, 34.000, 32.000, 36.000, 35.000, 30.000, 30.000, 30.000, 30.000, 31.000, 31.000, 31.000, 33.000
15:27:14, 40.000, 39.000, 38.000, 26.000, 34.000, 30.000, 32.000, 33.000, 33.000, 35.000, 35.000, 30.000, 30.000, 30.000, 30.000, 31.000, 31.000, 31.000, 33.000
15:27:15, 40.000, 39.000, 38.000, 26.000, 34.000, 30.000, 32.000, 33.000, 33.000, 35.000, 35.000, 30.000, 30.000, 30.000, 29.000, 31.000, 31.000, 31.000, 33.000
15:27:16, 40.000, 39.000, 38.000, 26.000, 34.000, 30.000, 32.000, 33.000, 33.000, 35.000, 35.000, 30.000, 30.000, 29.000, 29.000, 31.000, 31.000, 32.000, 33.000
15:27:17, 40.000, 39.000, 38.000, 26.000, 34.000, 30.000, 32.000, 34.000, 33.000, 35.000, 35.000, 30.000, 30.000, 29.000, 29.000, 31.000, 31.000, 32.000, 33.000
15:27:18, 40.000, 39.000, 38.000, 26.000, 34.000, 30.000, 32.000, 34.000, 33.000, 35.000, 35.000, 30.000, 30.000, 29.000, 30.000, 31.000, 31.000, 32.000, 33.000
15:27:19, 40.000, 39.000, 38.000, 26.000, 34.000, 30.000, 32.000, 34.000, 33.000, 35.000, 35.000, 30.000, 30.000, 29.000, 30.000, 31.000, 31.000, 32.000, 33.000
15:27:20, 40.000, 39.000, 38.000, 26.000, 34.000, 30.000, 32.000, 34.000, 32.000, 35.000, 35.000, 30.000, 30.000, 29.000, 29.000, 31.000, 31.000, 32.000, 33.000
15:27:21, 40.000, 39.000, 38.000, 26.000, 34.000, 30.000, 32.000, 34.000, 32.000, 35.000, 35.000, 30.000, 30.000, 29.000, 29.000, 31.000, 31.000, 32.000, 33.000
15:27:22, 40.000, 39.000, 38.000, 26.000, 34.000, 30.000, 32.000, 34.000, 32.000, 35.000, 35.000, 30.000, 30.000, 29.000, 29.000, 31.000, 31.000, 31.000, 33.000
15:27:23, 40.000, 39.000, 38.000, 26.000, 34.000, 30.000, 32.000, 34.000, 33.000, 35.000, 35.000, 30.000, 30.000, 29.000, 29.000, 31.000, 31.000, 31.000, 33.000
15:27:24, 40.000, 39.000, 38.000, 26.000, 34.000, 30.000, 32.000, 34.000, 33.000, 35.000, 35.000, 30.000, 30.000, 29.000, 29.000, 31.000, 31.000, 31.000, 33.000
15:27:25, 40.000, 39.000, 38.000, 26.000, 34.000, 30.000, 32.000, 34.000, 33.000, 35.000, 35.000, 30.000, 30.000, 29.000, 29.000, 31.000, 31.000, 31.000, 33.000
15:27:26, 40.000, 39.000, 38.000, 26.000, 34.000, 30.000, 32.000, 33.000, 33.000, 35.000, 35.000, 30.000, 30.000, 29.000, 29.000, 31.000, 31.000, 31.000, 33.000
15:27:27, 40.000, 39.000, 38.000, 26.000, 34.000, 30.000, 32.000, 33.000, 33.000, 35.000, 35.000, 30.000, 30.000, 29.000, 29.000, 31.000, 32.000, 31.000, 33.000
15:27:28, 40.000, 39.000, 38.000, 26.000, 34.000, 30.000, 32.000, 33.000, 33.000, 35.000, 35.000, 30.000, 30.000, 29.000, 29.000, 31.000, 32.000, 32.000, 33.000
15:27:29, 40.000, 39.000, 38.000, 26.000, 34.000, 30.000, 32.000, 34.000, 33.000, 36.000, 35.000, 30.000, 30.000, 29.000, 29.000, 31.000, 32.000, 32.000, 33.000
15:27:30, 40.000, 39.000, 38.000, 26.000, 34.000, 30.000, 32.000, 34.000, 33.000, 36.000, 35.000, 30.000, 30.000, 29.000, 29.000, 31.000, 32.000, 32.000, 33.000
15:27:31, 40.000, 39.000, 38.000, 26.000, 34.000, 30.000, 32.000, 34.000, 33.000, 36.000, 35.000, 30.000, 30.000, 29.000, 29.000, 31.000, 32.000, 31.000, 33.000
15:27:32, 40.000, 39.000, 38.000, 26.000, 34.000, 30.000, 32.000, 33.000, 32.000, 35.000, 35.000, 30.000, 30.000, 29.000, 29.000, 31.000, 32.000, 31.000, 33.000
15:27:33, 40.000, 39.000, 38.000, 26.000, 34.000, 30.000, 32.000, 33.000, 32.000, 35.000, 35.000, 30.000, 30.000, 29.000, 29.000, 31.000, 32.000, 31.000, 33.000
15:27:34, 40.000, 39.000, 38.000, 26.000, 34.000, 30.000, 32.000, 33.000, 32.000, 35.000, 35.000, 30.000, 30.000, 29.000, 29.000, 31.000, 32.000, 31.000, 34.000
15:27:35, 40.000, 39.000, 38.000, 26.000, 34.000, 30.000, 32.000, 33.000, 32.000, 35.000, 35.000, 30.000, 30.000, 29.000, 29.000, 31.000, 32.000, 31.000, 34.000
15:27:36, 41.000, 39.000, 38.000, 26.000, 34.000, 30.000, 32.000, 33.000, 32.000, 35.000, 35.000, 30.000, 30.000, 29.000, 29.000, 31.000, 32.000, 31.000, 34.000
15:27:37, 41.000, 39.000, 38.000, 26.000, 34.000, 30.000, 32.000, 33.000, 32.000, 35.000, 35.000, 30.000, 30.000, 29.000, 29.000, 31.000, 32.000, 31.000, 34.000
15:27:38, 40.000, 39.000, 38.000, 26.000, 34.000, 30.000, 32.000, 34.000, 33.000, 36.000, 35.000, 30.000, 30.000, 29.000, 30.000, 31.000, 32.000, 31.000, 34.000
15:27:39, 40.000, 39.000, 38.000, 26.000, 34.000, 30.000, 32.000, 34.000, 33.000, 36.000, 35.000, 30.000, 30.000, 29.000, 30.000, 31.000, 32.000, 31.000, 34.000
