15:26:39, 7125.000, 6825.000, 7200.000
15:26:40, 7125.000, 6825.000, 7200.000
15:26:41, 7125.000, 6825.000, 7200.000
15:26:42, 7125.000, 6975.000, 7050.000
15:26:43, 7200.000, 6825.000, 7050.000
15:26:44, 7275.000, 6975.000, 7200.000
15:26:45, 7275.000, 6975.000, 7200.000
15:26:46, 7275.000, 6900.000, 7200.000
15:26:47, 6825.000, 6900.000, 7200.000
15:26:48, 6825.000, 6900.000, 7200.000
15:26:49, 6825.000, 6750.000, 6750.000
15:26:50, 6750.000, 6675.000, 6750.000
15:26:51, 6750.000, 6750.000, 6900.000
15:26:52, 6825.000, 6675.000, 6900.000
15:26:53, 6825.000, 6675.000, 6900.000
15:26:54, 6825.000, 6675.000, 6900.000
15:26:55, 6900.000, 6675.000, 6900.000
15:26:56, 6825.000, 6750.000, 6900.000
15:26:57, 6825.000, 6750.000, 6900.000
15:26:58, 6975.000, 6750.000, 6900.000
15:26:59, 6900.000, 6675.000, 6750.000
15:27:00, 6900.000, 6675.000, 6750.000
15:27:01, 6900.000, 6675.000, 6750.000
15:27:02, 6900.000, 6675.000, 6750.000
15:27:03, 6900.000, 6525.000, 6900.000
15:27:04, 6750.000, 6675.000, 6750.000
15:27:05, 6750.000, 6675.000, 6900.000
15:27:06, 6750.000, 6675.000, 6900.000
15:27:07, 6750.000, 6675.000, 6900.000
15:27:08, 6750.000, 6675.000, 6900.000
15:27:09, 6825.000, 6750.000, 6750.000
15:27:10, 6825.000, 6750.000, 6750.000
15:27:11, 6750.000, 6750.000, 6750.000
15:27:12, 6900.000, 6750.000, 6900.000
15:27:13, 6900.000, 6750.000, 6900.000
15:27:14, 6900.000, 6750.000, 6900.000
15:27:15, 6750.000, 6600.000, 6750.000
15:27:16, 6750.000, 6525.000, 6900.000
15:27:17, 6750.000, 6600.000, 6900.000
15:27:19, 6750.000, 6600.000, 6750.000
15:27:20, 6750.000, 6750.000, 6750.000
15:27:21, 6900.000, 6750.000, 6750.000
15:27:22, 6900.000, 6675.000, 6750.000
15:27:23, 6750.000, 6675.000, 6750.000
15:27:23, 6750.000, 6675.000, 6750.000
15:27:25, 6900.000, 6750.000, 6900.000
15:27:26, 6975.000, 6675.000, 6900.000
15:27:27, 6825.000, 6675.000, 6900.000
15:27:28, 6825.000, 6600.000, 6750.000
15:27:29, 6825.000, 6600.000, 6750.000
15:27:30, 6825.000, 6600.000, 6750.000
15:27:31, 6900.000, 6525.000, 6900.000
15:27:32, 6900.000, 6525.000, 6900.000
15:27:33, 6750.000, 6675.000, 6750.000
15:27:34, 6750.000, 6675.000, 6750.000
15:27:35, 6750.000, 6675.000, 6750.000
15:27:36, 6750.000, 6750.000, 6750.000
15:27:37, 6900.000, 6600.000, 6750.000
15:27:38, 6900.000, 6600.000, 6750.000
15:27:39, 6900.000, 6600.000, 6750.000
