15:26:39, 42.000, 42.000, 31.000, 42.000, 46.000
15:26:40, 42.000, 42.000, 31.000, 42.000, 46.000
15:26:41, 42.000, 41.000, 31.000, 42.000, 46.000
15:26:42, 42.000, 42.000, 31.000, 42.000, 46.000
15:26:43, 42.000, 42.000, 31.000, 42.000, 46.000
15:26:44, 42.000, 42.000, 31.000, 42.000, 46.000
15:26:45, 42.000, 41.000, 31.000, 42.000, 46.000
15:26:46, 41.000, 41.000, 31.000, 42.000, 46.000
15:26:47, 42.000, 42.000, 31.000, 42.000, 46.000
15:26:48, 42.000, 42.000, 31.000, 42.000, 46.000
15:26:49, 42.000, 41.000, 31.000, 42.000, 46.000
15:26:50, 42.000, 42.000, 31.000, 42.000, 46.000
15:26:51, 43.000, 41.000, 31.000, 42.000, 46.000
15:26:52, 42.000, 42.000, 31.000, 42.000, 46.000
15:26:53, 42.000, 42.000, 31.000, 42.000, 46.000
15:26:54, 42.000, 41.000, 31.000, 42.000, 46.000
15:26:55, 42.000, 41.000, 31.000, 42.000, 46.000
15:26:56, 41.000, 42.000, 31.000, 42.000, 46.000
15:26:57, 41.000, 42.000, 31.000, 42.000, 46.000
15:26:58, 42.000, 41.000, 31.000, 42.000, 46.000
15:26:59, 42.000, 42.000, 31.000, 42.000, 46.000
15:27:00, 43.000, 41.000, 31.000, 42.000, 46.000
15:27:01, 43.000, 41.000, 31.000, 42.000, 46.000
15:27:02, 43.000, 41.000, 31.000, 42.000, 46.000
15:27:03, 43.000, 41.000, 31.000, 42.000, 46.000
15:27:04, 42.000, 42.000, 31.000, 42.000, 46.000
15:27:05, 42.000, 41.000, 31.000, 42.000, 46.000
15:27:06, 42.000, 41.000, 31.000, 42.000, 46.000
15:27:07, 42.000, 42.000, 31.000, 42.000, 46.000
15:27:08, 43.000, 41.000, 31.000, 42.000, 46.000
15:27:09, 43.000, 41.000, 31.000, 42.000, 46.000
15:27:10, 43.000, 41.000, 31.000, 42.000, 46.000
15:27:11, 43.000, 42.000, 31.000, 42.000, 46.000
15:27:12, 43.000, 41.000, 31.000, 42.000, 46.000
15:27:13, 43.000, 41.000, 31.000, 42.000, 46.000
15:27:14, 42.000, 41.000, 31.000, 42.000, 46.000
15:27:15, 42.000, 41.000, 31.000, 42.000, 46.000
15:27:16, 42.000, 42.000, 31.000, 42.000, 46.000
15:27:17, 42.000, 41.000, 31.000, 42.000, 46.000
15:27:19, 42.000, 42.000, 31.000, 42.000, 46.000
15:27:20, 42.000, 42.000, 31.000, 42.000, 46.000
15:27:21, 42.000, 42.000, 31.000, 42.000, 46.000
15:27:22, 43.000, 41.000, 31.000, 42.000, 46.000
15:27:23, 42.000, 41.000, 31.000, 42.000, 46.000
15:27:23, 42.000, 41.000, 31.000, 42.000, 46.000
15:27:25, 42.000, 41.000, 31.000, 42.000, 46.000
15:27:26, 42.000, 42.000, 31.000, 42.000, 46.000
15:27:27, 42.000, 42.000, 31.000, 42.000, 46.000
15:27:28, 42.000, 42.000, 31.000, 42.000, 46.000
15:27:29, 42.000, 42.000, 31.000, 42.000, 46.000
15:27:30, 42.000, 42.000, 31.000, 42.000, 46.000
15:27:31, 43.000, 42.000, 31.000, 42.000, 46.000
15:27:32, 43.000, 42.000, 31.000, 42.000, 46.000
15:27:33, 42.000, 41.000, 31.000, 42.000, 46.000
15:27:34, 42.000, 42.000, 31.000, 42.000, 46.000
15:27:35, 43.000, 41.000, 31.000, 42.000, 46.000
15:27:36, 43.000, 41.000, 31.000, 42.000, 46.000
15:27:37, 43.000, 41.000, 31.000, 42.000, 46.000
15:27:38, 43.000, 41.000, 31.000, 42.000, 46.000
15:27:39, 42.000, 41.000, 31.000, 42.000, 46.000
