15:26:39, 36.000, 34.000, 36.000, 28.000, 32.000, 30.000, 33.000, 33.000, 31.000, 33.000, 36.000, 32.000, 31.000, 29.000, 28.000, 30.000, 30.000, 33.000, 33.000
15:26:40, 36.000, 34.000, 36.000, 28.000, 32.000, 30.000, 33.000, 33.000, 31.000, 33.000, 36.000, 32.000, 31.000, 29.000, 28.000, 30.000, 30.000, 33.000, 33.000
15:26:41, 36.000, 34.000, 36.000, 28.000, 32.000, 30.000, 33.000, 33.000, 31.000, 33.000, 36.000, 32.000, 31.000, 29.000, 28.000, 30.000, 30.000, 33.000, 33.000
15:26:42, 35.000, 34.000, 36.000, 28.000, 32.000, 30.000, 33.000, 33.000, 31.000, 33.000, 37.000, 32.000, 31.000, 29.000, 28.000, 30.000, 30.000, 33.000, 33.000
15:26:43, 35.000, 34.000, 36.000, 28.000, 32.000, 30.000, 33.000, 33.000, 31.000, 33.000, 37.000, 32.000, 31.000, 29.000, 28.000, 30.000, 30.000, 33.000, 33.000
15:26:44, 35.000, 33.000, 36.000, 28.000, 32.000, 30.000, 33.000, 33.000, 31.000, 33.000, 37.000, 32.000, 31.000, 29.000, 28.000, 30.000, 30.000, 33.000, 33.000
15:26:45, 35.000, 34.000, 36.000, 28.000, 32.000, 30.000, 33.000, 33.000, 31.000, 33.000, 36.000, 32.000, 31.000, 29.000, 28.000, 30.000, 30.000, 33.000, 33.000
15:26:46, 35.000, 34.000, 36.000, 28.000, 32.000, 30.000, 33.000, 33.000, 31.000, 33.000, 36.000, 32.000, 31.000, 29.000, 28.000, 30.000, 30.000, 33.000, 33.000
15:26:47, 36.000, 34.000, 36.000, 28.000, 32.000, 30.000, 33.000, 33.000, 31.000, 33.000, 36.000, 32.000, 31.000, 29.000, 28.000, 30.000, 30.000, 33.000, 33.000
15:26:48, 36.000, 34.000, 36.000, 28.000, 32.000, 30.000, 33.000, 33.000, 31.000, 33.000, 36.000, 32.000, 31.000, 29.000, 28.000, 30.000, 30.000, 33.000, 33.000
15:26:49, 36.000, 34.000, 36.000, 28.000, 32.000, 30.000, 33.000, 33.000, 31.000, 33.000, 36.000, 32.000, 31.000, 29.000, 28.000, 30.000, 30.000, 33.000, 33.000
15:26:50, 36.000, 34.000, 36.000, 28.000, 32.000, 30.000, 33.000, 33.000, 31.000, 33.000, 36.000, 32.000, 31.000, 29.000, 28.000, 30.000, 30.000, 33.000, 33.000
15:26:51, 35.000, 34.000, 36.000, 28.000, 32.000, 30.000, 33.000, 33.000, 31.000, 33.000, 36.000, 32.000, 31.000, 29.000, 28.000, 30.000, 30.000, 33.000, 33.000
15:26:52, 35.000, 33.000, 36.000, 28.000, 32.000, 30.000, 33.000, 33.000, 31.000, 33.000, 36.000, 32.000, 31.000, 29.000, 28.000, 30.000, 30.000, 33.000, 33.000
15:26:53, 34.000, 34.000, 36.000, 28.000, 32.000, 30.000, 33.000, 32.000, 31.000, 33.000, 36.000, 32.000, 31.000, 29.000, 28.000, 30.000, 30.000, 33.000, 33.000
15:26:54, 34.000, 34.000, 36.000, 28.000, 32.000, 30.000, 33.000, 32.000, 31.000, 33.000, 36.000, 32.000, 31.000, 29.000, 28.000, 30.000, 30.000, 33.000, 33.000
15:26:55, 36.000, 34.000, 36.000, 28.000, 32.000, 30.000, 33.000, 32.000, 31.000, 33.000, 36.000, 32.000, 31.000, 29.000, 28.000, 30.000, 30.000, 33.000, 33.000
15:26:56, 35.000, 34.000, 36.000, 28.000, 32.000, 30.000, 33.000, 33.000, 31.000, 33.000, 37.000, 32.000, 31.000, 29.000, 28.000, 30.000, 30.000, 33.000, 33.000
15:26:57, 35.000, 34.000, 36.000, 28.000, 32.000, 30.000, 33.000, 33.000, 31.000, 33.000, 37.000, 32.000, 31.000, 29.000, 28.000, 30.000, 30.000, 33.000, 33.000
15:26:59, 35.000, 34.000, 36.000, 28.000, 32.000, 30.000, 33.000, 33.000, 31.000, 33.000, 37.000, 32.000, 31.000, 29.000, 28.000, 30.000, 30.000, 33.000, 33.000
15:26:59, 36.000, 34.000, 36.000, 27.000, 33.000, 30.000, 33.000, 33.000, 31.000, 33.000, 37.000, 32.000, 31.000, 29.000, 28.000, 30.000, 30.000, 33.000, 33.000
15:27:00, 36.000, 34.000, 36.000, 27.000, 33.000, 30.000, 33.000, 33.000, 31.000, 33.000, 37.000, 32.000, 31.000, 29.000, 28.000, 30.000, 30.000, 33.000, 33.000
15:27:01, 36.000, 34.000, 36.000, 27.000, 33.000, 30.000, 33.000, 33.000, 31.000, 33.000, 37.000, 32.000, 31.000, 29.000, 28.000, 30.000, 30.000, 33.000, 33.000
15:27:02, 36.000, 34.000, 36.000, 28.000, 32.000, 30.000, 33.000, 33.000, 31.000, 33.000, 36.000, 32.000, 31.000, 29.000, 28.000, 30.000, 30.000, 33.000, 33.000
15:27:03, 35.000, 34.000, 36.000, 28.000, 32.000, 30.000, 33.000, 33.000, 31.000, 33.000, 36.000, 32.000, 31.000, 28.000, 28.000, 30.000, 30.000, 33.000, 33.000
15:27:04, 35.000, 34.000, 36.000, 28.000, 32.000, 30.000, 33.000, 33.000, 31.000, 33.000, 36.000, 32.000, 31.000, 28.000, 28.000, 30.000, 30.000, 33.000, 33.000
15:27:06, 34.000, 33.000, 36.000, 27.000, 33.000, 30.000, 33.000, 33.000, 31.000, 33.000, 36.000, 32.000, 31.000, 29.000, 28.000, 30.000, 30.000, 33.000, 33.000
15:27:07, 35.000, 33.000, 36.000, 27.000, 33.000, 30.000, 33.000, 33.000, 31.000, 33.000, 36.000, 32.000, 31.000, 29.000, 28.000, 30.000, 30.000, 33.000, 33.000
15:27:07, 35.000, 33.000, 36.000, 27.000, 33.000, 30.000, 33.000, 33.000, 31.000, 33.000, 36.000, 32.000, 31.000, 29.000, 28.000, 30.000, 30.000, 33.000, 33.000
15:27:08, 35.000, 34.000, 36.000, 27.000, 32.000, 30.000, 33.000, 32.000, 31.000, 33.000, 36.000, 32.000, 31.000, 29.000, 28.000, 30.000, 30.000, 33.000, 33.000
15:27:09, 35.000, 34.000, 36.000, 27.000, 32.000, 30.000, 33.000, 32.000, 31.000, 33.000, 36.000, 32.000, 31.000, 29.000, 28.000, 30.000, 30.000, 33.000, 33.000
15:27:10, 35.000, 34.000, 36.000, 27.000, 32.000, 30.000, 33.000, 32.000, 31.000, 33.000, 36.000, 32.000, 31.000, 29.000, 28.000, 30.000, 30.000, 33.000, 33.000
15:27:12, 34.000, 33.000, 36.000, 28.000, 32.000, 30.000, 33.000, 33.000, 31.000, 34.000, 36.000, 32.000, 31.000, 29.000, 28.000, 30.000, 30.000, 33.000, 33.000
15:27:13, 35.000, 34.000, 36.000, 28.000, 32.000, 30.000, 33.000, 33.000, 31.000, 34.000, 36.000, 32.000, 31.000, 28.000, 28.000, 30.000, 30.000, 33.000, 33.000
15:27:14, 35.000, 34.000, 36.000, 28.000, 32.000, 30.000, 33.000, 33.000, 31.000, 34.000, 36.000, 32.000, 31.000, 28.000, 28.000, 30.000, 30.000, 33.000, 33.000
15:27:15, 35.000, 34.000, 36.000, 27.000, 32.000, 30.000, 33.000, 33.000, 31.000, 33.000, 36.000, 32.000, 31.000, 28.000, 28.000, 30.000, 30.000, 33.000, 33.000
15:27:16, 35.000, 34.000, 36.000, 27.000, 32.000, 30.000, 33.000, 33.000, 31.000, 33.000, 36.000, 32.000, 31.000, 29.000, 28.000, 30.000, 30.000, 33.000, 33.000
15:27:17, 35.000, 34.000, 36.000, 27.000, 32.000, 30.000, 33.000, 33.000, 31.000, 33.000, 36.000, 32.000, 31.000, 29.000, 28.000, 30.000, 30.000, 33.000, 33.000
15:27:18, 35.000, 34.000, 36.000, 28.000, 32.000, 30.000, 33.000, 33.000, 31.000, 33.000, 37.000, 32.000, 31.000, 29.000, 28.000, 30.000, 30.000, 33.000, 33.000
15:27:19, 35.000, 34.000, 36.000, 28.000, 32.000, 30.000, 33.000, 33.000, 31.000, 33.000, 37.000, 32.000, 31.000, 28.000, 28.000, 30.000, 30.000, 33.000, 33.000
15:27:20, 35.000, 34.000, 36.000, 28.000, 32.000, 30.000, 33.000, 33.000, 31.000, 33.000, 37.000, 32.000, 31.000, 28.000, 28.000, 30.000, 30.000, 33.000, 33.000
15:27:21, 35.000, 34.000, 36.000, 28.000, 32.000, 30.000, 33.000, 32.000, 31.000, 33.000, 36.000, 32.000, 31.000, 28.000, 28.000, 30.000, 30.000, 33.000, 33.000
15:27:22, 35.000, 34.000, 36.000, 28.000, 32.000, 30.000, 33.000, 32.000, 31.000, 33.000, 36.000, 32.000, 31.000, 29.000, 28.000, 30.000, 30.000, 33.000, 33.000
15:27:23, 35.000, 34.000, 36.000, 28.000, 32.000, 30.000, 33.000, 32.000, 31.000, 33.000, 36.000, 32.000, 31.000, 29.000, 28.000, 30.000, 30.000, 33.000, 33.000
15:27:24, 35.000, 34.000, 36.000, 27.000, 32.000, 30.000, 33.000, 33.000, 31.000, 33.000, 36.000, 32.000, 31.000, 29.000, 28.000, 30.000, 30.000, 33.000, 33.000
15:27:25, 35.000, 34.000, 36.000, 27.000, 32.000, 30.000, 33.000, 33.000, 31.000, 33.000, 36.000, 32.000, 31.000, 29.000, 28.000, 30.000, 30.000, 33.000, 33.000
15:27:26, 35.000, 34.000, 36.000, 27.000, 32.000, 30.000, 33.000, 33.000, 31.000, 33.000, 36.000, 32.000, 31.000, 29.000, 28.000, 30.000, 30.000, 33.000, 33.000
15:27:27, 35.000, 34.000, 36.000, 28.000, 32.000, 30.000, 33.000, 33.000, 31.000, 33.000, 36.000, 32.000, 31.000, 29.000, 28.000, 30.000, 30.000, 33.000, 33.000
15:27:28, 35.000, 34.000, 36.000, 28.000, 32.000, 30.000, 33.000, 33.000, 31.000, 33.000, 36.000, 32.000, 31.000, 29.000, 28.000, 30.000, 30.000, 33.000, 33.000
15:27:29, 35.000, 34.000, 36.000, 28.000, 32.000, 30.000, 33.000, 33.000, 31.000, 33.000, 36.000, 32.000, 31.000, 29.000, 28.000, 30.000, 30.000, 33.000, 33.000
15:27:30, 34.000, 33.000, 36.000, 28.000, 32.000, 30.000, 33.000, 33.000, 31.000, 33.000, 37.000, 32.000, 31.000, 29.000, 28.000, 30.000, 30.000, 33.000, 33.000
15:27:31, 34.000, 33.000, 36.000, 28.000, 32.000, 30.000, 33.000, 33.000, 31.000, 33.000, 37.000, 32.000, 31.000, 29.000, 28.000, 30.000, 30.000, 33.000, 33.000
15:27:32, 35.000, 34.000, 36.000, 28.000, 32.000, 30.000, 33.000, 33.000, 31.000, 33.000, 37.000, 32.000, 31.000, 29.000, 28.000, 30.000, 30.000, 33.000, 33.000
15:27:33, 35.000, 34.000, 36.000, 28.000, 32.000, 30.000, 33.000, 33.000, 31.000, 33.000, 37.000, 32.000, 31.000, 29.000, 28.000, 30.000, 30.000, 33.000, 33.000
15:27:34, 35.000, 34.000, 36.000, 28.000, 32.000, 30.000, 33.000, 33.000, 31.000, 33.000, 37.000, 32.000, 31.000, 29.000, 28.000, 30.000, 30.000, 33.000, 33.000
15:27:35, 35.000, 34.000, 36.000, 28.000, 32.000, 30.000, 33.000, 33.000, 31.000, 33.000, 37.000, 32.000, 31.000, 29.000, 28.000, 30.000, 30.000, 33.000, 33.000
15:27:36, 35.000, 34.000, 36.000, 27.000, 32.000, 30.000, 33.000, 33.000, 31.000, 33.000, 36.000, 32.000, 31.000, 29.000, 28.000, 30.000, 30.000, 33.000, 33.000
15:27:37, 35.000, 34.000, 36.000, 27.000, 32.000, 30.000, 33.000, 33.000, 31.000, 33.000, 36.000, 32.000, 31.000, 29.000, 28.000, 30.000, 30.000, 33.000, 33.000
15:27:38, 35.000, 34.000, 36.000, 27.000, 32.000, 30.000, 33.000, 33.000, 31.000, 33.000, 36.000, 32.000, 31.000, 29.000, 28.000, 30.000, 30.000, 33.000, 33.000
15:27:39, 35.000, 34.000, 36.000, 28.000, 32.000, 30.000, 33.000, 33.000, 31.000, 33.000, 36.000, 32.000, 31.000, 29.000, 28.000, 30.000, 30.000, 33.000, 33.000
