15:26:39, 40.000, 39.000, 37.000, 31.000, 36.000, 30.000, 34.000, 35.000, 33.000, 36.000, 39.000, 34.000, 33.000, 29.000, 29.000, 30.000, 30.000, 36.000, 35.000
15:26:40, 40.000, 39.000, 37.000, 31.000, 36.000, 30.000, 34.000, 35.000, 33.000, 36.000, 39.000, 34.000, 33.000, 29.000, 29.000, 30.000, 30.000, 36.000, 36.000
15:26:41, 40.000, 39.000, 37.000, 31.000, 36.000, 30.000, 34.000, 35.000, 33.000, 36.000, 39.000, 34.000, 33.000, 29.000, 29.000, 30.000, 30.000, 36.000, 36.000
15:26:42, 39.000, 37.000, 37.000, 31.000, 36.000, 30.000, 35.000, 35.000, 33.000, 36.000, 38.000, 34.000, 33.000, 29.000, 29.000, 30.000, 30.000, 36.000, 36.000
15:26:43, 38.000, 37.000, 37.000, 31.000, 36.000, 30.000, 35.000, 35.000, 33.000, 36.000, 38.000, 34.000, 33.000, 29.000, 29.000, 30.000, 30.000, 36.000, 36.000
15:26:44, 38.000, 37.000, 37.000, 31.000, 36.000, 30.000, 35.000, 35.000, 33.000, 36.000, 38.000, 34.000, 33.000, 29.000, 29.000, 30.000, 30.000, 36.000, 36.000
15:26:45, 40.000, 38.000, 37.000, 31.000, 36.000, 30.000, 34.000, 35.000, 33.000, 36.000, 39.000, 34.000, 33.000, 29.000, 29.000, 30.000, 30.000, 36.000, 36.000
15:26:46, 39.000, 38.000, 37.000, 31.000, 36.000, 30.000, 34.000, 35.000, 33.000, 36.000, 39.000, 34.000, 33.000, 29.000, 29.000, 30.000, 30.000, 36.000, 36.000
15:26:47, 40.000, 39.000, 38.000, 31.000, 36.000, 30.000, 34.000, 35.000, 33.000, 36.000, 39.000, 34.000, 33.000, 29.000, 29.000, 30.000, 30.000, 36.000, 36.000
15:26:48, 41.000, 39.000, 38.000, 31.000, 35.000, 30.000, 33.000, 35.000, 33.000, 36.000, 39.000, 34.000, 33.000, 29.000, 29.000, 30.000, 30.000, 36.000, 36.000
15:26:49, 41.000, 39.000, 38.000, 31.000, 35.000, 30.000, 33.000, 35.000, 33.000, 36.000, 39.000, 34.000, 33.000, 29.000, 29.000, 30.000, 30.000, 36.000, 36.000
15:26:50, 41.000, 39.000, 38.000, 31.000, 35.000, 30.000, 33.000, 35.000, 33.000, 36.000, 39.000, 34.000, 33.000, 29.000, 29.000, 30.000, 30.000, 36.000, 36.000
15:26:51, 41.000, 39.000, 38.000, 31.000, 36.000, 30.000, 33.000, 35.000, 33.000, 36.000, 39.000, 34.000, 33.000, 29.000, 29.000, 30.000, 30.000, 36.000, 36.000
15:26:52, 41.000, 40.000, 38.000, 31.000, 36.000, 30.000, 33.000, 35.000, 33.000, 36.000, 39.000, 34.000, 33.000, 29.000, 29.000, 30.000, 30.000, 36.000, 36.000
15:26:53, 41.000, 40.000, 38.000, 31.000, 36.000, 30.000, 33.000, 35.000, 33.000, 36.000, 39.000, 34.000, 33.000, 29.000, 29.000, 30.000, 30.000, 36.000, 36.000
15:26:54, 41.000, 39.000, 38.000, 31.000, 35.000, 30.000, 34.000, 35.000, 33.000, 36.000, 39.000, 34.000, 33.000, 29.000, 29.000, 30.000, 31.000, 36.000, 36.000
15:26:55, 41.000, 39.000, 38.000, 31.000, 35.000, 30.000, 34.000, 35.000, 33.000, 36.000, 39.000, 34.000, 33.000, 29.000, 29.000, 31.000, 31.000, 36.000, 36.000
15:26:56, 39.000, 37.000, 38.000, 31.000, 35.000, 30.000, 34.000, 35.000, 33.000, 36.000, 39.000, 34.000, 33.000, 29.000, 29.000, 31.000, 31.000, 36.000, 36.000
15:26:57, 39.000, 38.000, 38.000, 31.000, 36.000, 30.000, 34.000, 35.000, 33.000, 36.000, 40.000, 35.000, 33.000, 29.000, 29.000, 31.000, 31.000, 36.000, 36.000
15:26:58, 41.000, 39.000, 38.000, 31.000, 36.000, 30.000, 34.000, 35.000, 33.000, 36.000, 40.000, 35.000, 33.000, 29.000, 29.000, 30.000, 31.000, 36.000, 36.000
15:27:00, 41.000, 39.000, 38.000, 31.000, 36.000, 30.000, 34.000, 35.000, 33.000, 36.000, 40.000, 35.000, 33.000, 29.000, 29.000, 30.000, 31.000, 36.000, 36.000
15:27:00, 40.000, 38.000, 38.000, 31.000, 36.000, 30.000, 34.000, 36.000, 33.000, 36.000, 39.000, 34.000, 33.000, 29.000, 29.000, 30.000, 31.000, 36.000, 36.000
15:27:01, 41.000, 39.000, 38.000, 31.000, 36.000, 30.000, 34.000, 36.000, 33.000, 36.000, 39.000, 34.000, 33.000, 29.000, 29.000, 31.000, 31.000, 36.000, 36.000
15:27:02, 41.000, 39.000, 38.000, 31.000, 36.000, 30.000, 34.000, 36.000, 33.000, 36.000, 39.000, 34.000, 33.000, 29.000, 29.000, 31.000, 31.000, 36.000, 36.000
15:27:03, 40.000, 38.000, 38.000, 31.000, 36.000, 30.000, 34.000, 35.000, 33.000, 36.000, 39.000, 35.000, 33.000, 29.000, 29.000, 31.000, 30.000, 36.000, 36.000
15:27:04, 40.000, 38.000, 38.000, 31.000, 36.000, 30.000, 34.000, 35.000, 33.000, 36.000, 39.000, 35.000, 33.000, 29.000, 29.000, 30.000, 30.000, 36.000, 36.000
15:27:06, 41.000, 39.000, 37.000, 31.000, 36.000, 30.000, 34.000, 35.000, 33.000, 36.000, 39.000, 35.000, 33.000, 29.000, 29.000, 30.000, 30.000, 36.000, 36.000
15:27:07, 40.000, 39.000, 37.000, 31.000, 35.000, 30.000, 34.000, 36.000, 33.000, 36.000, 39.000, 35.000, 33.000, 29.000, 29.000, 30.000, 30.000, 36.000, 36.000
15:27:07, 40.000, 38.000, 37.000, 31.000, 35.000, 30.000, 34.000, 36.000, 33.000, 36.000, 39.000, 35.000, 33.000, 29.000, 29.000, 30.000, 30.000, 36.000, 36.000
15:27:08, 40.000, 37.000, 37.000, 31.000, 35.000, 30.000, 34.000, 36.000, 33.000, 36.000, 39.000, 35.000, 33.000, 29.000, 29.000, 30.000, 30.000, 36.000, 36.000
15:27:09, 38.000, 37.000, 37.000, 31.000, 36.000, 30.000, 34.000, 35.000, 33.000, 36.000, 39.000, 34.000, 33.000, 29.000, 29.000, 30.000, 30.000, 36.000, 36.000
15:27:10, 39.000, 38.000, 37.000, 31.000, 36.000, 30.000, 34.000, 35.000, 33.000, 36.000, 39.000, 34.000, 33.000, 29.000, 29.000, 30.000, 30.000, 36.000, 36.000
15:27:12, 40.000, 38.000, 37.000, 31.000, 36.000, 30.000, 34.000, 35.000, 33.000, 36.000, 39.000, 34.000, 33.000, 29.000, 29.000, 30.000, 30.000, 36.000, 36.000
15:27:13, 39.000, 38.000, 37.000, 30.000, 36.000, 30.000, 34.000, 35.000, 33.000, 36.000, 39.000, 34.000, 33.000, 29.000, 29.000, 30.000, 30.000, 36.000, 36.000
15:27:14, 39.000, 38.000, 37.000, 30.000, 36.000, 30.000, 34.000, 35.000, 33.000, 36.000, 39.000, 34.000, 33.000, 29.000, 29.000, 30.000, 30.000, 36.000, 36.000
15:27:15, 39.000, 38.000, 37.000, 30.000, 36.000, 30.000, 34.000, 35.000, 33.000, 36.000, 39.000, 34.000, 33.000, 29.000, 29.000, 30.000, 30.000, 36.000, 36.000
15:27:16, 40.000, 39.000, 37.000, 31.000, 35.000, 30.000, 33.000, 35.000, 33.000, 36.000, 39.000, 34.000, 33.000, 29.000, 29.000, 30.000, 30.000, 36.000, 35.000
15:27:17, 40.000, 39.000, 37.000, 31.000, 35.000, 30.000, 33.000, 35.000, 33.000, 36.000, 39.000, 34.000, 33.000, 29.000, 29.000, 30.000, 30.000, 36.000, 35.000
15:27:18, 40.000, 38.000, 37.000, 31.000, 35.000, 30.000, 33.000, 35.000, 33.000, 36.000, 39.000, 34.000, 33.000, 29.000, 29.000, 30.000, 30.000, 36.000, 35.000
15:27:19, 41.000, 39.000, 37.000, 30.000, 36.000, 30.000, 33.000, 35.000, 33.000, 36.000, 39.000, 34.000, 33.000, 29.000, 29.000, 30.000, 30.000, 36.000, 36.000
15:27:20, 41.000, 39.000, 37.000, 30.000, 36.000, 30.000, 33.000, 35.000, 33.000, 36.000, 39.000, 34.000, 33.000, 29.000, 29.000, 30.000, 30.000, 36.000, 36.000
15:27:21, 41.000, 39.000, 37.000, 31.000, 36.000, 30.000, 33.000, 35.000, 33.000, 36.000, 39.000, 34.000, 33.000, 29.000, 29.000, 30.000, 30.000, 36.000, 36.000
15:27:22, 41.000, 39.000, 37.000, 31.000, 35.000, 30.000, 34.000, 35.000, 33.000, 36.000, 39.000, 34.000, 33.000, 29.000, 29.000, 30.000, 30.000, 36.000, 36.000
15:27:23, 41.000, 39.000, 37.000, 31.000, 35.000, 30.000, 34.000, 35.000, 33.000, 36.000, 39.000, 34.000, 33.000, 29.000, 29.000, 30.000, 30.000, 36.000, 36.000
15:27:24, 41.000, 39.000, 37.000, 31.000, 35.000, 30.000, 34.000, 35.000, 33.000, 36.000, 39.000, 34.000, 33.000, 29.000, 29.000, 30.000, 30.000, 36.000, 36.000
15:27:25, 40.000, 38.000, 37.000, 31.000, 35.000, 30.000, 34.000, 35.000, 33.000, 36.000, 39.000, 34.000, 33.000, 29.000, 29.000, 30.000, 30.000, 36.000, 36.000
15:27:26, 39.000, 38.000, 37.000, 31.000, 35.000, 30.000, 34.000, 35.000, 33.000, 36.000, 39.000, 34.000, 33.000, 29.000, 29.000, 30.000, 30.000, 36.000, 36.000
15:27:27, 40.000, 39.000, 37.000, 31.000, 35.000, 30.000, 34.000, 35.000, 33.000, 36.000, 39.000, 34.000, 33.000, 29.000, 29.000, 30.000, 30.000, 36.000, 36.000
15:27:28, 39.000, 38.000, 37.000, 31.000, 36.000, 30.000, 34.000, 35.000, 33.000, 36.000, 39.000, 34.000, 33.000, 29.000, 29.000, 30.000, 30.000, 36.000, 36.000
15:27:29, 39.000, 38.000, 37.000, 31.000, 36.000, 30.000, 34.000, 35.000, 33.000, 36.000, 39.000, 34.000, 33.000, 29.000, 29.000, 30.000, 30.000, 36.000, 36.000
15:27:30, 39.000, 38.000, 37.000, 31.000, 36.000, 30.000, 34.000, 35.000, 33.000, 36.000, 39.000, 34.000, 33.000, 29.000, 29.000, 30.000, 30.000, 36.000, 36.000
15:27:31, 40.000, 39.000, 37.000, 31.000, 36.000, 30.000, 34.000, 35.000, 33.000, 36.000, 39.000, 34.000, 33.000, 29.000, 29.000, 30.000, 30.000, 36.000, 36.000
15:27:32, 40.000, 38.000, 37.000, 31.000, 36.000, 30.000, 34.000, 35.000, 33.000, 36.000, 39.000, 34.000, 33.000, 29.000, 29.000, 30.000, 30.000, 36.000, 36.000
15:27:33, 40.000, 38.000, 37.000, 31.000, 36.000, 30.000, 34.000, 35.000, 33.000, 36.000, 39.000, 34.000, 33.000, 29.000, 29.000, 30.000, 30.000, 36.000, 36.000
15:27:34, 40.000, 38.000, 37.000, 31.000, 36.000, 30.000, 34.000, 35.000, 33.000, 36.000, 39.000, 34.000, 33.000, 29.000, 29.000, 30.000, 30.000, 36.000, 36.000
15:27:35, 39.000, 38.000, 37.000, 31.000, 36.000, 30.000, 34.000, 35.000, 33.000, 36.000, 39.000, 34.000, 33.000, 29.000, 29.000, 30.000, 30.000, 36.000, 36.000
15:27:36, 39.000, 38.000, 37.000, 31.000, 36.000, 30.000, 34.000, 35.000, 33.000, 36.000, 39.000, 34.000, 33.000, 29.000, 29.000, 30.000, 30.000, 36.000, 36.000
15:27:37, 40.000, 38.000, 37.000, 31.000, 35.000, 30.000, 34.000, 35.000, 33.000, 36.000, 39.000, 34.000, 33.000, 29.000, 29.000, 30.000, 30.000, 36.000, 36.000
15:27:38, 40.000, 38.000, 37.000, 31.000, 35.000, 30.000, 34.000, 35.000, 33.000, 36.000, 39.000, 34.000, 33.000, 29.000, 29.000, 30.000, 30.000, 36.000, 36.000
15:27:39, 40.000, 38.000, 37.000, 31.000, 35.000, 30.000, 34.000, 35.000, 33.000, 36.000, 39.000, 34.000, 33.000, 29.000, 29.000, 30.000, 30.000, 36.000, 36.000
