15:26:39, 6750.000, 7275.000, 7200.000
15:26:40, 6825.000, 7050.000, 7125.000
15:26:41, 6750.000, 7050.000, 7125.000
15:26:42, 6750.000, 7050.000, 7125.000
15:26:43, 6750.000, 7275.000, 6975.000
15:26:44, 6750.000, 7050.000, 7125.000
15:26:45, 6750.000, 7275.000, 6975.000
15:26:46, 6900.000, 7200.000, 6975.000
15:26:47, 6900.000, 7200.000, 6975.000
15:26:48, 6750.000, 7125.000, 7125.000
15:26:49, 6750.000, 7125.000, 7125.000
15:26:50, 6750.000, 7125.000, 7125.000
15:26:51, 6750.000, 7050.000, 6975.000
15:26:52, 6750.000, 7275.000, 6975.000
15:26:53, 6900.000, 7125.000, 7125.000
15:26:54, 6750.000, 7275.000, 6975.000
15:26:55, 6750.000, 7275.000, 6975.000
15:26:56, 6750.000, 7275.000, 6975.000
15:26:57, 6825.000, 7275.000, 6975.000
15:26:58, 6750.000, 7050.000, 7125.000
15:26:59, 6750.000, 7275.000, 6975.000
15:27:00, 6750.000, 7275.000, 6975.000
15:27:01, 6825.000, 7275.000, 6975.000
15:27:02, 6825.000, 7275.000, 6975.000
15:27:03, 6900.000, 7275.000, 6975.000
15:27:04, 6900.000, 7275.000, 6975.000
15:27:05, 6750.000, 7125.000, 6975.000
15:27:06, 6900.000, 7275.000, 6975.000
15:27:07, 6900.000, 7050.000, 7125.000
15:27:08, 6900.000, 7050.000, 7125.000
15:27:09, 6900.000, 7050.000, 7125.000
15:27:10, 6825.000, 7275.000, 7200.000
15:27:11, 6825.000, 7050.000, 6975.000
15:27:12, 6825.000, 7275.000, 6975.000
15:27:13, 6825.000, 7275.000, 6975.000
15:27:14, 6825.000, 7275.000, 6975.000
15:27:15, 6750.000, 7275.000, 6975.000
15:27:16, 6750.000, 7125.000, 7125.000
15:27:17, 6750.000, 7125.000, 7125.000
15:27:18, 6750.000, 7125.000, 6975.000
15:27:20, 6900.000, 7200.000, 7125.000
15:27:21, 6750.000, 7275.000, 7125.000
15:27:22, 6750.000, 7275.000, 7125.000
15:27:23, 6750.000, 7275.000, 7125.000
15:27:23, 6750.000, 7125.000, 7125.000
15:27:25, 6825.000, 7200.000, 6975.000
15:27:26, 6825.000, 7200.000, 6975.000
15:27:27, 6750.000, 7125.000, 7125.000
15:27:28, 6750.000, 7275.000, 6975.000
15:27:29, 6750.000, 7275.000, 6975.000
15:27:30, 6750.000, 7275.000, 6975.000
15:27:31, 6900.000, 7125.000, 7125.000
15:27:32, 6900.000, 7050.000, 7125.000
15:27:33, 6825.000, 7275.000, 7200.000
15:27:34, 6750.000, 7125.000, 6975.000
15:27:35, 6750.000, 7125.000, 6975.000
15:27:36, 6750.000, 7125.000, 6975.000
15:27:37, 6750.000, 7275.000, 7125.000
15:27:38, 6825.000, 7050.000, 6975.000
15:27:39, 6825.000, 7050.000, 6975.000
