15:26:39, 44.000, 40.000, 29.000, 41.000, 45.000
15:26:40, 44.000, 40.000, 29.000, 41.000, 45.000
15:26:41, 44.000, 41.000, 29.000, 41.000, 45.000
15:26:42, 44.000, 40.000, 29.000, 41.000, 45.000
15:26:43, 44.000, 40.000, 29.000, 41.000, 45.000
15:26:44, 45.000, 40.000, 29.000, 41.000, 45.000
15:26:45, 43.000, 40.000, 29.000, 41.000, 45.000
15:26:46, 43.000, 40.000, 29.000, 41.000, 45.000
15:26:47, 43.000, 40.000, 29.000, 41.000, 45.000
15:26:48, 42.000, 40.000, 29.000, 41.000, 45.000
15:26:49, 43.000, 40.000, 29.000, 41.000, 45.000
15:26:50, 44.000, 40.000, 29.000, 41.000, 45.000
15:26:51, 44.000, 40.000, 29.000, 41.000, 45.000
15:26:52, 44.000, 39.000, 29.000, 41.000, 45.000
15:26:53, 43.000, 40.000, 29.000, 41.000, 45.000
15:26:54, 43.000, 39.000, 29.000, 41.000, 45.000
15:26:55, 43.000, 39.000, 29.000, 41.000, 45.000
15:26:56, 42.000, 39.000, 29.000, 41.000, 45.000
15:26:57, 43.000, 40.000, 29.000, 41.000, 45.000
15:26:58, 42.000, 39.000, 29.000, 41.000, 45.000
15:26:59, 43.000, 39.000, 29.000, 41.000, 45.000
15:27:00, 43.000, 39.000, 29.000, 41.000, 45.000
15:27:01, 42.000, 39.000, 29.000, 41.000, 45.000
15:27:02, 42.000, 39.000, 29.000, 41.000, 45.000
15:27:03, 42.000, 40.000, 29.000, 41.000, 45.000
15:27:04, 43.000, 40.000, 29.000, 41.000, 45.000
15:27:05, 44.000, 40.000, 29.000, 41.000, 45.000
15:27:06, 44.000, 39.000, 29.000, 41.000, 45.000
15:27:07, 44.000, 39.000, 29.000, 41.000, 45.000
15:27:08, 44.000, 39.000, 29.000, 41.000, 45.000
15:27:09, 43.000, 39.000, 29.000, 41.000, 45.000
15:27:10, 44.000, 39.000, 29.000, 41.000, 45.000
15:27:11, 43.000, 39.000, 29.000, 41.000, 45.000
15:27:12, 42.000, 40.000, 29.000, 41.000, 45.000
15:27:13, 42.000, 40.000, 29.000, 41.000, 45.000
15:27:14, 43.000, 39.000, 29.000, 41.000, 45.000
15:27:15, 44.000, 39.000, 29.000, 41.000, 45.000
15:27:16, 44.000, 39.000, 29.000, 41.000, 45.000
15:27:17, 43.000, 39.000, 29.000, 41.000, 45.000
15:27:18, 42.000, 39.000, 29.000, 41.000, 45.000
15:27:20, 42.000, 39.000, 29.000, 41.000, 45.000
15:27:21, 43.000, 39.000, 29.000, 41.000, 45.000
15:27:22, 43.000, 39.000, 29.000, 41.000, 45.000
15:27:23, 43.000, 39.000, 29.000, 41.000, 45.000
15:27:23, 43.000, 39.000, 29.000, 41.000, 45.000
15:27:25, 43.000, 40.000, 29.000, 41.000, 45.000
15:27:26, 43.000, 39.000, 29.000, 41.000, 45.000
15:27:27, 43.000, 39.000, 29.000, 41.000, 45.000
15:27:28, 42.000, 39.000, 29.000, 41.000, 45.000
15:27:29, 42.000, 39.000, 29.000, 41.000, 45.000
15:27:30, 42.000, 39.000, 29.000, 41.000, 45.000
15:27:31, 42.000, 39.000, 29.000, 41.000, 45.000
15:27:32, 42.000, 39.000, 29.000, 41.000, 45.000
15:27:33, 42.000, 39.000, 29.000, 41.000, 45.000
15:27:34, 42.000, 39.000, 29.000, 41.000, 45.000
15:27:35, 42.000, 39.000, 29.000, 41.000, 45.000
15:27:36, 42.000, 39.000, 29.000, 41.000, 45.000
15:27:37, 42.000, 39.000, 29.000, 41.000, 45.000
15:27:38, 42.000, 39.000, 29.000, 41.000, 45.000
15:27:39, 42.000, 39.000, 29.000, 41.000, 45.000
