15:26:39, 6300.000, 6525.000, 6450.000
15:26:40, 6300.000, 6525.000, 6450.000
15:26:41, 6150.000, 6525.000, 6375.000
15:26:42, 6075.000, 6450.000, 6150.000
15:26:43, 6000.000, 6450.000, 6150.000
15:26:44, 6000.000, 6450.000, 6225.000
15:26:45, 6000.000, 6375.000, 6225.000
15:26:46, 5850.000, 6375.000, 6225.000
15:26:47, 5850.000, 6300.000, 6075.000
15:26:48, 5850.000, 6300.000, 6075.000
15:26:49, 5850.000, 6225.000, 6075.000
15:26:50, 5850.000, 6225.000, 6075.000
15:26:51, 5925.000, 6300.000, 6225.000
15:26:52, 5925.000, 6300.000, 6225.000
15:26:53, 5925.000, 6300.000, 6225.000
15:26:54, 5925.000, 6300.000, 6225.000
15:26:55, 6000.000, 6300.000, 6150.000
15:26:56, 6000.000, 6225.000, 6150.000
15:26:57, 5850.000, 6225.000, 6150.000
15:26:58, 5850.000, 6300.000, 6075.000
15:26:59, 5850.000, 6300.000, 6075.000
15:27:00, 5850.000, 6300.000, 6075.000
15:27:01, 6000.000, 6300.000, 6075.000
15:27:02, 6000.000, 6300.000, 6075.000
15:27:03, 6000.000, 6300.000, 6075.000
15:27:04, 5850.000, 6225.000, 6150.000
15:27:05, 5850.000, 6225.000, 6150.000
15:27:06, 5925.000, 6300.000, 6075.000
15:27:07, 5925.000, 6300.000, 6075.000
15:27:08, 6000.000, 6300.000, 6075.000
15:27:09, 6000.000, 6225.000, 6075.000
15:27:10, 5850.000, 6225.000, 6225.000
15:27:11, 5850.000, 6225.000, 6225.000
15:27:13, 6000.000, 6300.000, 6150.000
15:27:13, 5775.000, 6225.000, 6075.000
15:27:14, 5775.000, 6225.000, 6075.000
15:27:16, 5775.000, 6225.000, 6075.000
15:27:16, 6000.000, 6225.000, 6075.000
15:27:17, 5850.000, 6300.000, 6075.000
15:27:19, 5850.000, 6300.000, 6225.000
15:27:20, 5925.000, 6300.000, 6225.000
15:27:21, 5925.000, 6300.000, 6225.000
15:27:22, 5775.000, 6300.000, 6225.000
15:27:23, 5775.000, 6300.000, 6225.000
15:27:24, 5775.000, 6300.000, 6225.000
15:27:25, 5925.000, 6300.000, 6225.000
15:27:26, 5850.000, 6300.000, 6150.000
15:27:27, 6000.000, 6225.000, 6225.000
15:27:28, 5850.000, 6225.000, 6225.000
15:27:29, 5850.000, 6225.000, 6225.000
15:27:30, 5850.000, 6300.000, 6075.000
15:27:31, 6000.000, 6300.000, 6075.000
15:27:32, 5850.000, 6300.000, 6075.000
15:27:33, 5850.000, 6300.000, 6075.000
15:27:34, 5850.000, 6375.000, 6075.000
15:27:35, 5850.000, 6375.000, 6075.000
15:27:36, 5925.000, 6375.000, 6075.000
15:27:37, 5925.000, 6375.000, 6075.000
15:27:38, 6000.000, 6225.000, 6225.000
15:27:39, 5850.000, 6300.000, 6075.000
