15:26:39, 40.000, 37.000, 32.000, 43.000, 49.000, 39.000, 37.000, 41.000, 41.000, 36.000, 36.000, 35.000, 34.000
15:26:40, 40.000, 37.000, 32.000, 43.000, 49.000, 39.000, 37.000, 41.000, 41.000, 36.000, 36.000, 35.000, 34.000
15:26:41, 39.000, 37.000, 32.000, 43.000, 49.000, 39.000, 38.000, 41.000, 41.000, 36.000, 36.000, 35.000, 34.000
15:26:42, 39.000, 37.000, 32.000, 43.000, 49.000, 39.000, 38.000, 41.000, 41.000, 36.000, 36.000, 35.000, 34.000
15:26:43, 41.000, 37.000, 32.000, 43.000, 49.000, 39.000, 38.000, 41.000, 41.000, 36.000, 36.000, 35.000, 34.000
15:26:44, 42.000, 37.000, 32.000, 43.000, 49.000, 39.000, 38.000, 41.000, 41.000, 36.000, 36.000, 35.000, 34.000
15:26:45, 42.000, 37.000, 32.000, 43.000, 49.000, 39.000, 37.000, 41.000, 41.000, 36.000, 36.000, 35.000, 35.000
15:26:46, 41.000, 36.000, 32.000, 43.000, 49.000, 39.000, 37.000, 41.000, 41.000, 36.000, 36.000, 35.000, 35.000
15:26:47, 41.000, 37.000, 32.000, 43.000, 49.000, 39.000, 37.000, 41.000, 41.000, 36.000, 36.000, 35.000, 35.000
15:26:48, 41.000, 36.000, 32.000, 43.000, 49.000, 39.000, 37.000, 41.000, 41.000, 36.000, 36.000, 35.000, 35.000
15:26:49, 41.000, 36.000, 32.000, 43.000, 49.000, 39.000, 37.000, 41.000, 41.000, 36.000, 36.000, 35.000, 34.000
15:26:50, 41.000, 36.000, 32.000, 43.000, 49.000, 39.000, 37.000, 41.000, 41.000, 36.000, 36.000, 35.000, 34.000
15:26:51, 41.000, 37.000, 32.000, 43.000, 49.000, 39.000, 37.000, 41.000, 41.000, 36.000, 36.000, 35.000, 34.000
15:26:52, 41.000, 37.000, 32.000, 43.000, 49.000, 39.000, 37.000, 41.000, 41.000, 36.000, 36.000, 35.000, 34.000
15:26:53, 41.000, 36.000, 32.000, 43.000, 49.000, 39.000, 37.000, 41.000, 41.000, 36.000, 36.000, 35.000, 34.000
15:26:54, 41.000, 36.000, 32.000, 43.000, 49.000, 39.000, 37.000, 41.000, 41.000, 36.000, 36.000, 35.000, 34.000
15:26:55, 41.000, 36.000, 32.000, 43.000, 49.000, 39.000, 37.000, 41.000, 41.000, 36.000, 36.000, 35.000, 34.000
15:26:56, 41.000, 36.000, 32.000, 43.000, 49.000, 39.000, 37.000, 41.000, 41.000, 36.000, 36.000, 35.000, 34.000
15:26:57, 41.000, 36.000, 32.000, 43.000, 49.000, 39.000, 37.000, 41.000, 41.000, 36.000, 36.000, 35.000, 34.000
15:26:58, 41.000, 36.000, 32.000, 43.000, 49.000, 39.000, 37.000, 41.000, 41.000, 36.000, 36.000, 35.000, 34.000
15:26:59, 41.000, 36.000, 32.000, 43.000, 49.000, 39.000, 37.000, 41.000, 41.000, 36.000, 36.000, 35.000, 34.000
15:27:00, 40.000, 37.000, 32.000, 43.000, 49.000, 39.000, 37.000, 41.000, 41.000, 36.000, 36.000, 35.000, 34.000
15:27:01, 40.000, 37.000, 32.000, 43.000, 49.000, 39.000, 37.000, 41.000, 41.000, 36.000, 36.000, 35.000, 34.000
15:27:02, 40.000, 37.000, 32.000, 43.000, 49.000, 39.000, 37.000, 41.000, 41.000, 36.000, 36.000, 35.000, 34.000
15:27:03, 41.000, 36.000, 32.000, 43.000, 49.000, 39.000, 37.000, 41.000, 41.000, 36.000, 36.000, 35.000, 34.000
15:27:04, 41.000, 37.000, 32.000, 43.000, 49.000, 39.000, 37.000, 41.000, 41.000, 36.000, 36.000, 35.000, 35.000
15:27:05, 40.000, 37.000, 32.000, 43.000, 49.000, 39.000, 37.000, 41.000, 41.000, 36.000, 36.000, 35.000, 35.000
15:27:06, 40.000, 38.000, 32.000, 43.000, 49.000, 39.000, 37.000, 41.000, 41.000, 36.000, 36.000, 35.000, 35.000
15:27:07, 40.000, 38.000, 32.000, 43.000, 49.000, 39.000, 37.000, 41.000, 41.000, 36.000, 36.000, 35.000, 35.000
15:27:08, 40.000, 37.000, 32.000, 43.000, 49.000, 39.000, 37.000, 41.000, 41.000, 36.000, 36.000, 35.000, 35.000
15:27:09, 40.000, 37.000, 32.000, 43.000, 49.000, 39.000, 37.000, 41.000, 41.000, 36.000, 36.000, 35.000, 35.000
15:27:10, 40.000, 37.000, 32.000, 43.000, 49.000, 39.000, 37.000, 41.000, 41.000, 36.000, 36.000, 35.000, 35.000
15:27:11, 40.000, 37.000, 32.000, 43.000, 49.000, 39.000, 37.000, 41.000, 41.000, 36.000, 36.000, 35.000, 35.000
15:27:13, 41.000, 36.000, 32.000, 43.000, 49.000, 39.000, 37.000, 41.000, 41.000, 36.000, 36.000, 35.000, 34.000
15:27:13, 41.000, 36.000, 32.000, 43.000, 49.000, 39.000, 37.000, 41.000, 41.000, 36.000, 36.000, 35.000, 34.000
15:27:14, 41.000, 36.000, 32.000, 43.000, 49.000, 39.000, 37.000, 41.000, 41.000, 36.000, 36.000, 35.000, 34.000
15:27:16, 41.000, 36.000, 32.000, 43.000, 49.000, 39.000, 37.000, 41.000, 41.000, 36.000, 36.000, 35.000, 34.000
15:27:16, 41.000, 36.000, 32.000, 43.000, 49.000, 39.000, 37.000, 41.000, 41.000, 36.000, 36.000, 35.000, 35.000
15:27:17, 41.000, 36.000, 32.000, 43.000, 49.000, 39.000, 37.000, 41.000, 41.000, 36.000, 36.000, 35.000, 35.000
15:27:19, 41.000, 36.000, 32.000, 43.000, 49.000, 39.000, 37.000, 41.000, 41.000, 36.000, 36.000, 35.000, 35.000
15:27:20, 41.000, 36.000, 32.000, 43.000, 49.000, 39.000, 37.000, 41.000, 41.000, 36.000, 36.000, 35.000, 35.000
15:27:21, 41.000, 36.000, 32.000, 43.000, 49.000, 39.000, 37.000, 41.000, 41.000, 36.000, 36.000, 35.000, 35.000
15:27:22, 41.000, 36.000, 32.000, 43.000, 49.000, 39.000, 37.000, 41.000, 41.000, 36.000, 36.000, 35.000, 35.000
15:27:23, 41.000, 36.000, 32.000, 43.000, 49.000, 39.000, 37.000, 41.000, 41.000, 36.000, 36.000, 35.000, 35.000
15:27:24, 41.000, 37.000, 32.000, 43.000, 49.000, 39.000, 37.000, 41.000, 41.000, 36.000, 36.000, 35.000, 35.000
15:27:25, 41.000, 37.000, 32.000, 43.000, 49.000, 39.000, 38.000, 41.000, 41.000, 36.000, 36.000, 35.000, 34.000
15:27:26, 41.000, 37.000, 32.000, 43.000, 49.000, 39.000, 38.000, 41.000, 41.000, 36.000, 36.000, 35.000, 34.000
15:27:27, 40.000, 37.000, 32.000, 43.000, 49.000, 39.000, 38.000, 41.000, 41.000, 36.000, 36.000, 35.000, 34.000
15:27:28, 41.000, 37.000, 32.000, 43.000, 49.000, 39.000, 37.000, 41.000, 41.000, 36.000, 36.000, 35.000, 35.000
15:27:29, 41.000, 37.000, 32.000, 43.000, 49.000, 39.000, 37.000, 41.000, 41.000, 36.000, 36.000, 35.000, 35.000
15:27:30, 41.000, 36.000, 32.000, 43.000, 49.000, 39.000, 37.000, 41.000, 41.000, 36.000, 36.000, 35.000, 35.000
15:27:31, 40.000, 37.000, 32.000, 43.000, 49.000, 39.000, 37.000, 41.000, 41.000, 36.000, 36.000, 35.000, 35.000
15:27:32, 41.000, 37.000, 32.000, 43.000, 49.000, 39.000, 37.000, 41.000, 41.000, 36.000, 36.000, 35.000, 34.000
15:27:33, 41.000, 37.000, 32.000, 43.000, 49.000, 39.000, 37.000, 41.000, 41.000, 36.000, 36.000, 35.000, 34.000
15:27:34, 41.000, 36.000, 32.000, 43.000, 49.000, 39.000, 37.000, 41.000, 41.000, 36.000, 36.000, 35.000, 34.000
15:27:35, 40.000, 37.000, 32.000, 43.000, 49.000, 39.000, 37.000, 41.000, 41.000, 36.000, 36.000, 35.000, 34.000
15:27:36, 40.000, 37.000, 32.000, 43.000, 49.000, 39.000, 37.000, 41.000, 41.000, 36.000, 36.000, 35.000, 35.000
15:27:37, 40.000, 37.000, 32.000, 43.000, 49.000, 39.000, 37.000, 41.000, 41.000, 36.000, 36.000, 35.000, 35.000
15:27:38, 40.000, 37.000, 32.000, 43.000, 49.000, 39.000, 37.000, 41.000, 41.000, 36.000, 36.000, 35.000, 35.000
15:27:39, 41.000, 36.000, 32.000, 43.000, 49.000, 39.000, 37.000, 41.000, 41.000, 36.000, 36.000, 35.000, 35.000
