15:26:39, 6975.000, 6750.000, 6900.000
15:26:40, 6975.000, 6750.000, 6900.000
15:26:41, 6975.000, 6750.000, 6900.000
15:26:42, 7125.000, 6825.000, 6750.000
15:26:43, 6975.000, 6825.000, 6900.000
15:26:44, 7125.000, 6825.000, 6825.000
15:26:45, 6975.000, 6825.000, 6825.000
15:26:46, 6975.000, 6825.000, 6825.000
15:26:47, 6975.000, 6900.000, 6750.000
15:26:48, 6975.000, 6750.000, 6825.000
15:26:49, 7125.000, 6825.000, 6750.000
15:26:50, 7125.000, 6825.000, 6750.000
15:26:51, 7050.000, 6750.000, 6900.000
15:26:52, 7050.000, 6750.000, 6900.000
15:26:53, 7050.000, 6825.000, 6750.000
15:26:54, 7050.000, 6825.000, 6750.000
15:26:55, 6975.000, 6825.000, 6750.000
15:26:56, 7125.000, 6825.000, 6900.000
15:26:57, 7125.000, 6900.000, 6750.000
15:26:58, 7125.000, 6825.000, 6825.000
15:26:59, 7050.000, 6825.000, 6825.000
15:27:00, 7050.000, 6825.000, 6825.000
15:27:01, 6975.000, 6750.000, 6750.000
15:27:02, 6975.000, 6750.000, 6750.000
15:27:03, 7125.000, 6900.000, 6900.000
15:27:04, 6975.000, 6750.000, 6900.000
15:27:05, 7125.000, 6750.000, 6900.000
15:27:06, 7125.000, 6825.000, 6750.000
15:27:07, 7125.000, 6825.000, 6750.000
15:27:08, 7200.000, 6750.000, 6750.000
15:27:09, 7125.000, 6825.000, 6900.000
15:27:10, 7125.000, 6825.000, 6825.000
15:27:11, 7050.000, 6825.000, 6825.000
15:27:13, 7125.000, 6750.000, 6750.000
15:27:13, 7125.000, 6750.000, 6750.000
15:27:14, 6975.000, 6825.000, 6750.000
15:27:16, 6975.000, 6825.000, 6750.000
15:27:16, 7125.000, 6825.000, 6900.000
15:27:17, 7125.000, 6900.000, 6900.000
15:27:19, 7125.000, 6750.000, 6750.000
15:27:20, 7125.000, 6750.000, 6750.000
15:27:21, 7125.000, 6750.000, 6750.000
15:27:22, 7050.000, 6750.000, 6900.000
15:27:23, 6975.000, 6825.000, 6750.000
15:27:24, 6975.000, 6825.000, 6900.000
15:27:25, 6975.000, 6825.000, 6900.000
15:27:26, 7125.000, 6825.000, 6900.000
15:27:27, 7125.000, 6825.000, 6750.000
15:27:28, 7200.000, 6900.000, 6825.000
15:27:29, 6975.000, 6750.000, 6750.000
15:27:30, 6975.000, 6750.000, 6750.000
15:27:31, 7125.000, 6750.000, 6825.000
15:27:32, 7200.000, 6750.000, 6825.000
15:27:33, 7200.000, 6750.000, 6750.000
15:27:34, 7200.000, 6750.000, 6750.000
15:27:35, 6975.000, 6825.000, 6900.000
15:27:36, 7125.000, 6900.000, 6750.000
15:27:37, 7125.000, 6900.000, 6825.000
15:27:38, 7125.000, 6900.000, 6825.000
15:27:39, 7050.000, 6825.000, 6825.000
