15:26:39, 41.000, 39.000, 39.000, 26.000, 33.000, 30.000, 32.000, 33.000, 34.000, 36.000, 36.000, 29.000, 29.000, 32.000, 31.000, 32.000, 33.000, 31.000, 31.000
15:26:40, 41.000, 39.000, 39.000, 26.000, 33.000, 30.000, 33.000, 33.000, 34.000, 36.000, 36.000, 29.000, 29.000, 32.000, 31.000, 32.000, 33.000, 31.000, 31.000
15:26:41, 41.000, 39.000, 39.000, 26.000, 33.000, 30.000, 33.000, 33.000, 34.000, 36.000, 36.000, 29.000, 29.000, 32.000, 31.000, 32.000, 33.000, 31.000, 31.000
15:26:42, 41.000, 39.000, 39.000, 26.000, 33.000, 30.000, 33.000, 33.000, 34.000, 36.000, 36.000, 30.000, 29.000, 32.000, 31.000, 32.000, 33.000, 31.000, 31.000
15:26:43, 40.000, 38.000, 39.000, 26.000, 33.000, 30.000, 32.000, 33.000, 34.000, 36.000, 36.000, 30.000, 29.000, 32.000, 31.000, 32.000, 33.000, 31.000, 31.000
15:26:44, 40.000, 38.000, 39.000, 26.000, 33.000, 30.000, 32.000, 33.000, 34.000, 36.000, 36.000, 30.000, 30.000, 32.000, 31.000, 32.000, 33.000, 31.000, 31.000
15:26:45, 40.000, 38.000, 39.000, 26.000, 33.000, 30.000, 32.000, 33.000, 34.000, 36.000, 36.000, 30.000, 30.000, 32.000, 31.000, 32.000, 33.000, 31.000, 31.000
15:26:46, 39.000, 38.000, 39.000, 26.000, 33.000, 30.000, 33.000, 33.000, 34.000, 36.000, 36.000, 30.000, 30.000, 32.000, 31.000, 32.000, 33.000, 31.000, 31.000
15:26:47, 39.000, 38.000, 39.000, 26.000, 33.000, 30.000, 33.000, 33.000, 34.000, 36.000, 36.000, 30.000, 30.000, 32.000, 31.000, 32.000, 33.000, 31.000, 31.000
15:26:48, 39.000, 38.000, 39.000, 26.000, 33.000, 30.000, 33.000, 33.000, 34.000, 36.000, 36.000, 30.000, 30.000, 32.000, 31.000, 32.000, 33.000, 31.000, 31.000
15:26:49, 39.000, 38.000, 39.000, 26.000, 33.000, 30.000, 32.000, 33.000, 34.000, 36.000, 36.000, 30.000, 30.000, 32.000, 31.000, 32.000, 33.000, 31.000, 31.000
15:26:50, 40.000, 38.000, 39.000, 26.000, 33.000, 30.000, 32.000, 33.000, 34.000, 36.000, 36.000, 30.000, 30.000, 32.000, 31.000, 32.000, 33.000, 31.000, 31.000
15:26:51, 40.000, 38.000, 39.000, 26.000, 33.000, 30.000, 32.000, 33.000, 34.000, 36.000, 36.000, 30.000, 30.000, 32.000, 31.000, 32.000, 33.000, 31.000, 31.000
15:26:52, 40.000, 39.000, 39.000, 26.000, 33.000, 30.000, 33.000, 33.000, 34.000, 36.000, 36.000, 30.000, 30.000, 32.000, 31.000, 32.000, 33.000, 31.000, 31.000
15:26:53, 40.000, 39.000, 39.000, 26.000, 33.000, 30.000, 33.000, 33.000, 34.000, 36.000, 36.000, 30.000, 30.000, 32.000, 31.000, 32.000, 33.000, 31.000, 31.000
15:26:54, 39.000, 38.000, 39.000, 26.000, 33.000, 30.000, 33.000, 33.000, 34.000, 36.000, 36.000, 30.000, 30.000, 32.000, 31.000, 32.000, 33.000, 31.000, 31.000
15:26:55, 40.000, 39.000, 39.000, 26.000, 33.000, 30.000, 33.000, 33.000, 34.000, 36.000, 36.000, 30.000, 30.000, 32.000, 31.000, 32.000, 33.000, 31.000, 31.000
15:26:56, 39.000, 38.000, 39.000, 26.000, 33.000, 30.000, 33.000, 33.000, 34.000, 36.000, 36.000, 30.000, 30.000, 32.000, 31.000, 32.000, 33.000, 31.000, 31.000
15:26:57, 39.000, 38.000, 39.000, 26.000, 33.000, 30.000, 33.000, 33.000, 34.000, 36.000, 36.000, 30.000, 30.000, 32.000, 31.000, 32.000, 33.000, 31.000, 31.000
15:26:59, 40.000, 38.000, 39.000, 26.000, 33.000, 30.000, 32.000, 33.000, 34.000, 36.000, 36.000, 30.000, 30.000, 32.000, 31.000, 32.000, 33.000, 31.000, 31.000
15:26:59, 39.000, 38.000, 39.000, 26.000, 33.000, 30.000, 32.000, 33.000, 34.000, 36.000, 36.000, 30.000, 30.000, 32.000, 31.000, 32.000, 33.000, 31.000, 31.000
15:27:00, 39.000, 38.000, 39.000, 26.000, 33.000, 30.000, 32.000, 33.000, 34.000, 36.000, 36.000, 30.000, 30.000, 32.000, 31.000, 32.000, 33.000, 31.000, 31.000
15:27:01, 39.000, 38.000, 39.000, 26.000, 33.000, 30.000, 32.000, 33.000, 34.000, 36.000, 36.000, 30.000, 30.000, 32.000, 31.000, 32.000, 33.000, 31.000, 31.000
15:27:02, 39.000, 38.000, 39.000, 26.000, 33.000, 30.000, 32.000, 33.000, 34.000, 36.000, 36.000, 30.000, 30.000, 32.000, 31.000, 32.000, 33.000, 31.000, 31.000
15:27:04, 39.000, 38.000, 39.000, 26.000, 33.000, 30.000, 32.000, 33.000, 34.000, 36.000, 36.000, 30.000, 30.000, 32.000, 31.000, 32.000, 33.000, 31.000, 31.000
15:27:04, 40.000, 38.000, 39.000, 26.000, 33.000, 30.000, 33.000, 33.000, 34.000, 36.000, 36.000, 30.000, 29.000, 32.000, 31.000, 32.000, 33.000, 31.000, 31.000
15:27:06, 40.000, 39.000, 39.000, 26.000, 33.000, 30.000, 33.000, 33.000, 34.000, 36.000, 36.000, 30.000, 29.000, 32.000, 31.000, 32.000, 33.000, 31.000, 31.000
15:27:07, 40.000, 39.000, 39.000, 26.000, 33.000, 30.000, 33.000, 33.000, 34.000, 36.000, 36.000, 29.000, 29.000, 32.000, 31.000, 32.000, 33.000, 31.000, 31.000
15:27:07, 40.000, 39.000, 39.000, 26.000, 33.000, 30.000, 33.000, 33.000, 34.000, 36.000, 36.000, 29.000, 29.000, 32.000, 31.000, 32.000, 33.000, 31.000, 31.000
15:27:08, 40.000, 38.000, 39.000, 26.000, 33.000, 30.000, 33.000, 33.000, 34.000, 36.000, 36.000, 29.000, 29.000, 32.000, 31.000, 32.000, 33.000, 31.000, 31.000
15:27:09, 40.000, 39.000, 39.000, 26.000, 33.000, 30.000, 33.000, 33.000, 34.000, 36.000, 36.000, 30.000, 29.000, 32.000, 31.000, 32.000, 33.000, 31.000, 31.000
15:27:10, 40.000, 39.000, 39.000, 26.000, 33.000, 30.000, 32.000, 33.000, 34.000, 36.000, 36.000, 30.000, 30.000, 32.000, 31.000, 32.000, 33.000, 31.000, 31.000
15:27:12, 39.000, 38.000, 39.000, 26.000, 33.000, 30.000, 32.000, 33.000, 34.000, 36.000, 36.000, 30.000, 30.000, 32.000, 31.000, 32.000, 33.000, 31.000, 31.000
15:27:13, 39.000, 38.000, 39.000, 26.000, 33.000, 30.000, 32.000, 33.000, 34.000, 36.000, 36.000, 30.000, 30.000, 32.000, 31.000, 32.000, 33.000, 31.000, 31.000
15:27:14, 39.000, 39.000, 39.000, 26.000, 33.000, 30.000, 32.000, 32.000, 34.000, 36.000, 36.000, 30.000, 30.000, 32.000, 31.000, 32.000, 33.000, 31.000, 31.000
15:27:15, 39.000, 38.000, 39.000, 26.000, 33.000, 30.000, 32.000, 32.000, 34.000, 36.000, 36.000, 30.000, 30.000, 32.000, 31.000, 32.000, 33.000, 31.000, 31.000
15:27:16, 39.000, 38.000, 39.000, 26.000, 33.000, 30.000, 32.000, 32.000, 34.000, 36.000, 36.000, 30.000, 30.000, 32.000, 31.000, 32.000, 33.000, 31.000, 31.000
15:27:17, 39.000, 38.000, 39.000, 26.000, 33.000, 30.000, 32.000, 33.000, 34.000, 36.000, 36.000, 30.000, 30.000, 32.000, 31.000, 32.000, 33.000, 31.000, 31.000
15:27:18, 39.000, 38.000, 39.000, 26.000, 33.000, 30.000, 32.000, 33.000, 34.000, 36.000, 36.000, 30.000, 30.000, 32.000, 31.000, 32.000, 33.000, 31.000, 31.000
15:27:19, 40.000, 38.000, 39.000, 26.000, 33.000, 30.000, 32.000, 33.000, 34.000, 36.000, 36.000, 30.000, 30.000, 32.000, 31.000, 32.000, 33.000, 31.000, 31.000
15:27:20, 40.000, 40.000, 39.000, 26.000, 33.000, 30.000, 33.000, 33.000, 34.000, 36.000, 36.000, 30.000, 30.000, 32.000, 31.000, 32.000, 33.000, 31.000, 31.000
15:27:21, 40.000, 40.000, 39.000, 26.000, 33.000, 30.000, 33.000, 33.000, 34.000, 36.000, 36.000, 30.000, 30.000, 32.000, 31.000, 32.000, 33.000, 31.000, 31.000
15:27:22, 39.000, 39.000, 39.000, 26.000, 33.000, 30.000, 33.000, 33.000, 34.000, 36.000, 36.000, 30.000, 30.000, 32.000, 31.000, 32.000, 33.000, 31.000, 31.000
15:27:23, 40.000, 39.000, 39.000, 26.000, 33.000, 30.000, 33.000, 33.000, 34.000, 36.000, 36.000, 30.000, 30.000, 32.000, 31.000, 32.000, 33.000, 31.000, 31.000
15:27:24, 39.000, 39.000, 39.000, 26.000, 33.000, 30.000, 33.000, 33.000, 34.000, 36.000, 36.000, 30.000, 30.000, 32.000, 31.000, 32.000, 33.000, 31.000, 31.000
15:27:25, 39.000, 38.000, 39.000, 26.000, 33.000, 30.000, 33.000, 33.000, 34.000, 36.000, 36.000, 30.000, 30.000, 32.000, 31.000, 32.000, 33.000, 31.000, 31.000
15:27:26, 39.000, 38.000, 39.000, 26.000, 33.000, 30.000, 33.000, 33.000, 34.000, 36.000, 36.000, 30.000, 30.000, 32.000, 31.000, 32.000, 33.000, 31.000, 31.000
15:27:27, 39.000, 38.000, 39.000, 26.000, 33.000, 30.000, 33.000, 33.000, 34.000, 36.000, 36.000, 29.000, 30.000, 32.000, 31.000, 32.000, 33.000, 31.000, 31.000
15:27:28, 39.000, 38.000, 39.000, 26.000, 33.000, 30.000, 33.000, 33.000, 34.000, 36.000, 36.000, 29.000, 30.000, 32.000, 31.000, 32.000, 33.000, 31.000, 31.000
15:27:29, 39.000, 38.000, 39.000, 26.000, 33.000, 30.000, 32.000, 33.000, 34.000, 36.000, 36.000, 29.000, 29.000, 32.000, 31.000, 32.000, 33.000, 31.000, 31.000
15:27:30, 39.000, 38.000, 39.000, 26.000, 33.000, 30.000, 32.000, 33.000, 34.000, 36.000, 36.000, 29.000, 29.000, 32.000, 31.000, 32.000, 33.000, 31.000, 31.000
15:27:31, 39.000, 38.000, 39.000, 26.000, 33.000, 30.000, 32.000, 33.000, 34.000, 36.000, 36.000, 30.000, 29.000, 32.000, 31.000, 32.000, 33.000, 31.000, 31.000
15:27:32, 39.000, 38.000, 39.000, 26.000, 33.000, 30.000, 32.000, 32.000, 34.000, 36.000, 36.000, 30.000, 30.000, 32.000, 31.000, 32.000, 33.000, 31.000, 31.000
15:27:33, 39.000, 38.000, 39.000, 26.000, 33.000, 30.000, 32.000, 32.000, 34.000, 36.000, 36.000, 30.000, 30.000, 32.000, 31.000, 32.000, 33.000, 31.000, 31.000
15:27:34, 39.000, 38.000, 39.000, 26.000, 33.000, 30.000, 32.000, 32.000, 34.000, 36.000, 36.000, 29.000, 30.000, 32.000, 31.000, 32.000, 33.000, 31.000, 31.000
15:27:35, 39.000, 38.000, 39.000, 26.000, 33.000, 30.000, 32.000, 33.000, 34.000, 36.000, 36.000, 29.000, 29.000, 32.000, 31.000, 32.000, 33.000, 31.000, 31.000
15:27:36, 39.000, 38.000, 39.000, 26.000, 33.000, 30.000, 32.000, 33.000, 34.000, 36.000, 36.000, 29.000, 29.000, 32.000, 31.000, 32.000, 33.000, 31.000, 31.000
15:27:37, 39.000, 38.000, 39.000, 26.000, 33.000, 30.000, 32.000, 33.000, 34.000, 36.000, 36.000, 29.000, 29.000, 32.000, 31.000, 32.000, 33.000, 31.000, 31.000
15:27:38, 39.000, 38.000, 39.000, 26.000, 33.000, 30.000, 33.000, 33.000, 34.000, 36.000, 36.000, 29.000, 30.000, 32.000, 31.000, 32.000, 33.000, 31.000, 31.000
15:27:39, 39.000, 38.000, 39.000, 26.000, 33.000, 30.000, 33.000, 33.000, 34.000, 36.000, 36.000, 29.000, 30.000, 32.000, 31.000, 32.000, 33.000, 31.000, 31.000
