15:26:39, 6000.000, 5775.000, 6000.000, 5625.000, 9375.000, 9150.000, 9000.000, 9000.000
15:26:40, 6000.000, 5775.000, 6000.000, 5625.000, 9375.000, 9150.000, 9000.000, 9000.000
15:26:41, 6075.000, 5850.000, 6000.000, 5625.000, 9300.000, 9150.000, 9000.000, 9000.000
15:26:42, 6075.000, 5850.000, 5850.000, 5625.000, 9300.000, 9225.000, 9000.000, 9075.000
15:26:43, 6000.000, 5850.000, 5925.000, 5625.000, 9375.000, 9150.000, 9000.000, 9000.000
15:26:44, 6000.000, 5850.000, 5925.000, 5625.000, 9375.000, 9150.000, 9000.000, 9000.000
15:26:45, 6000.000, 5775.000, 5925.000, 5625.000, 9375.000, 9225.000, 9000.000, 9075.000
15:26:46, 6075.000, 5775.000, 5925.000, 5625.000, 9375.000, 9150.000, 9000.000, 9000.000
15:26:47, 6150.000, 5850.000, 5850.000, 5625.000, 9375.000, 9225.000, 9000.000, 9000.000
15:26:48, 6150.000, 5850.000, 5850.000, 5625.000, 9375.000, 9225.000, 9000.000, 9000.000
15:26:49, 5850.000, 5775.000, 5850.000, 5625.000, 9375.000, 9150.000, 9075.000, 9000.000
15:26:50, 5850.000, 5700.000, 5850.000, 5625.000, 9375.000, 9075.000, 9000.000, 9075.000
15:26:51, 6075.000, 5700.000, 6000.000, 5625.000, 9375.000, 9150.000, 9000.000, 9075.000
15:26:52, 6000.000, 5850.000, 5925.000, 5625.000, 9300.000, 9225.000, 9000.000, 9000.000
15:26:53, 6000.000, 5850.000, 5925.000, 5625.000, 9300.000, 9225.000, 9000.000, 9000.000
15:26:54, 6000.000, 5850.000, 5925.000, 5625.000, 9375.000, 9000.000, 9000.000, 9075.000
15:26:55, 6000.000, 5700.000, 5925.000, 5625.000, 9375.000, 9225.000, 9000.000, 9075.000
15:26:56, 6150.000, 5850.000, 5925.000, 5625.000, 9375.000, 9150.000, 9000.000, 9000.000
15:26:57, 6150.000, 5850.000, 5925.000, 5625.000, 9375.000, 9150.000, 9000.000, 9000.000
15:26:58, 5850.000, 5850.000, 5925.000, 5625.000, 9375.000, 9075.000, 9000.000, 9000.000
15:26:59, 6075.000, 5700.000, 5925.000, 5625.000, 9300.000, 9000.000, 9000.000, 9000.000
15:27:00, 6075.000, 5850.000, 5925.000, 5700.000, 9300.000, 9000.000, 9000.000, 9075.000
15:27:01, 6075.000, 5850.000, 5925.000, 5700.000, 9300.000, 9000.000, 9000.000, 9075.000
15:27:02, 6000.000, 5775.000, 5925.000, 5625.000, 9375.000, 9075.000, 9000.000, 9000.000
15:27:03, 5850.000, 5700.000, 6000.000, 5625.000, 9375.000, 9000.000, 9000.000, 9075.000
15:27:04, 5850.000, 5700.000, 6000.000, 5625.000, 9375.000, 9000.000, 9000.000, 9075.000
15:27:05, 5850.000, 5775.000, 6000.000, 5625.000, 9375.000, 9150.000, 9075.000, 9000.000
15:27:06, 5925.000, 5775.000, 5925.000, 5625.000, 9375.000, 9225.000, 9000.000, 9075.000
15:27:07, 5925.000, 5850.000, 5850.000, 5625.000, 9375.000, 9075.000, 9000.000, 9000.000
15:27:08, 5925.000, 5850.000, 5850.000, 5625.000, 9375.000, 9075.000, 9000.000, 9000.000
15:27:09, 6075.000, 5850.000, 5850.000, 5625.000, 9375.000, 9150.000, 9000.000, 9075.000
15:27:10, 5925.000, 5850.000, 6000.000, 5625.000, 9375.000, 9150.000, 9000.000, 9075.000
15:27:11, 5925.000, 5850.000, 6000.000, 5625.000, 9375.000, 9150.000, 9000.000, 9075.000
15:27:13, 6075.000, 5775.000, 5925.000, 5625.000, 9375.000, 9075.000, 9000.000, 9075.000
15:27:13, 6075.000, 5700.000, 6000.000, 5625.000, 9375.000, 9150.000, 9000.000, 9075.000
15:27:14, 6075.000, 5775.000, 6000.000, 5625.000, 9300.000, 9150.000, 9000.000, 9000.000
15:27:16, 5925.000, 5775.000, 5850.000, 5625.000, 9375.000, 9000.000, 9000.000, 9000.000
15:27:16, 5925.000, 5775.000, 5850.000, 5625.000, 9375.000, 9000.000, 9000.000, 9000.000
15:27:17, 6075.000, 5700.000, 5925.000, 5625.000, 9375.000, 9075.000, 9000.000, 9075.000
15:27:19, 5850.000, 5775.000, 6000.000, 5625.000, 9300.000, 9150.000, 9000.000, 9000.000
15:27:20, 6075.000, 5775.000, 6000.000, 5625.000, 9300.000, 9225.000, 9000.000, 9075.000
15:27:21, 6075.000, 5775.000, 6000.000, 5625.000, 9300.000, 9225.000, 9000.000, 9075.000
15:27:22, 5850.000, 5775.000, 5925.000, 5625.000, 9375.000, 9000.000, 9000.000, 9075.000
15:27:23, 6000.000, 5850.000, 6000.000, 5625.000, 9375.000, 9075.000, 9000.000, 9000.000
15:27:24, 6000.000, 5850.000, 6000.000, 5625.000, 9300.000, 9150.000, 9000.000, 9000.000
15:27:25, 6000.000, 5700.000, 6000.000, 5625.000, 9300.000, 9150.000, 9000.000, 9000.000
15:27:26, 5850.000, 5775.000, 6000.000, 5700.000, 9375.000, 9075.000, 8925.000, 9000.000
15:27:27, 6000.000, 5700.000, 5925.000, 5625.000, 9300.000, 9150.000, 9000.000, 9075.000
15:27:28, 6000.000, 5775.000, 5925.000, 5625.000, 9375.000, 9000.000, 9000.000, 9075.000
15:27:29, 6000.000, 5775.000, 5925.000, 5625.000, 9375.000, 9000.000, 9000.000, 9075.000
15:27:30, 6075.000, 5700.000, 5925.000, 5625.000, 9375.000, 9225.000, 9000.000, 9075.000
15:27:31, 6000.000, 5775.000, 6000.000, 5625.000, 9300.000, 9150.000, 9000.000, 9000.000
15:27:32, 6000.000, 5775.000, 6000.000, 5625.000, 9300.000, 9150.000, 9000.000, 9000.000
15:27:33, 6000.000, 5850.000, 5925.000, 5625.000, 9300.000, 9150.000, 9000.000, 9000.000
15:27:34, 6000.000, 5700.000, 5925.000, 5625.000, 9375.000, 9150.000, 9000.000, 9000.000
15:27:35, 6075.000, 5700.000, 5850.000, 5625.000, 9375.000, 9075.000, 9000.000, 9075.000
15:27:36, 6000.000, 5775.000, 5850.000, 5625.000, 9375.000, 9150.000, 9000.000, 9075.000
15:27:37, 6000.000, 5775.000, 5850.000, 5625.000, 9375.000, 9150.000, 9000.000, 9075.000
15:27:38, 6000.000, 5850.000, 5850.000, 5625.000, 9375.000, 9150.000, 9000.000, 9000.000
15:27:39, 5850.000, 5775.000, 5850.000, 5625.000, 9375.000, 9075.000, 9000.000, 9000.000
