15:26:39, 27.000, 39.000, 48.000
15:26:40, 27.000, 39.000, 48.000
15:26:41, 27.000, 39.000, 48.000
15:26:42, 27.000, 39.000, 48.000
15:26:43, 27.000, 39.000, 48.000
15:26:44, 27.000, 39.000, 48.000
15:26:45, 27.000, 39.000, 48.000
15:26:46, 27.000, 39.000, 48.000
15:26:47, 27.000, 39.000, 48.000
15:26:48, 27.000, 39.000, 48.000
15:26:49, 27.000, 39.000, 49.000
15:26:50, 27.000, 39.000, 49.000
15:26:51, 27.000, 39.000, 49.000
15:26:52, 27.000, 39.000, 48.000
15:26:53, 27.000, 39.000, 48.000
15:26:54, 27.000, 39.000, 48.000
15:26:55, 27.000, 39.000, 48.000
15:26:56, 27.000, 39.000, 48.000
15:26:57, 27.000, 39.000, 48.000
15:26:58, 27.000, 39.000, 48.000
15:26:59, 27.000, 39.000, 48.000
15:27:00, 27.000, 39.000, 48.000
15:27:01, 27.000, 39.000, 48.000
15:27:02, 27.000, 39.000, 48.000
15:27:03, 27.000, 39.000, 48.000
15:27:04, 27.000, 39.000, 48.000
15:27:05, 27.000, 39.000, 48.000
15:27:06, 27.000, 39.000, 48.000
15:27:07, 27.000, 39.000, 48.000
15:27:08, 27.000, 39.000, 48.000
15:27:09, 27.000, 39.000, 48.000
15:27:10, 27.000, 39.000, 48.000
15:27:11, 27.000, 39.000, 48.000
15:27:13, 27.000, 39.000, 48.000
15:27:13, 27.000, 39.000, 48.000
15:27:14, 27.000, 39.000, 48.000
15:27:16, 27.000, 39.000, 48.000
15:27:16, 27.000, 39.000, 48.000
15:27:17, 27.000, 39.000, 48.000
15:27:19, 27.000, 39.000, 48.000
15:27:20, 27.000, 39.000, 48.000
15:27:21, 27.000, 39.000, 48.000
15:27:22, 27.000, 39.000, 48.000
15:27:23, 27.000, 39.000, 48.000
15:27:24, 27.000, 39.000, 48.000
15:27:25, 27.000, 39.000, 48.000
15:27:26, 27.000, 39.000, 48.000
15:27:27, 27.000, 39.000, 48.000
15:27:28, 27.000, 39.000, 48.000
15:27:29, 27.000, 39.000, 48.000
15:27:30, 27.000, 39.000, 49.000
15:27:31, 27.000, 39.000, 49.000
15:27:32, 27.000, 39.000, 49.000
15:27:33, 27.000, 39.000, 49.000
15:27:34, 27.000, 39.000, 48.000
15:27:35, 27.000, 39.000, 48.000
15:27:36, 27.000, 39.000, 48.000
15:27:37, 27.000, 39.000, 48.000
15:27:38, 27.000, 39.000, 48.000
15:27:39, 27.000, 39.000, 48.000
