15:26:39, 6975.000, 6975.000, 6900.000
15:26:40, 6975.000, 6975.000, 6900.000
15:26:41, 6975.000, 6975.000, 6900.000
15:26:42, 7050.000, 6900.000, 6825.000
15:26:43, 6825.000, 7050.000, 6750.000
15:26:44, 6975.000, 6900.000, 6900.000
15:26:45, 6975.000, 6900.000, 6900.000
15:26:46, 6975.000, 7050.000, 6900.000
15:26:47, 6975.000, 7050.000, 6900.000
15:26:48, 6975.000, 6900.000, 6825.000
15:26:49, 6975.000, 6900.000, 6825.000
15:26:50, 7050.000, 6900.000, 6900.000
15:26:51, 6975.000, 7050.000, 6975.000
15:26:52, 6975.000, 6900.000, 6975.000
15:26:53, 6975.000, 6900.000, 6975.000
15:26:54, 6975.000, 6900.000, 6975.000
15:26:55, 7050.000, 7050.000, 6750.000
15:26:56, 6900.000, 6900.000, 6825.000
15:26:57, 6900.000, 6900.000, 6825.000
15:26:58, 6975.000, 6900.000, 6825.000
15:26:59, 6900.000, 7050.000, 6900.000
15:27:00, 6900.000, 7050.000, 6900.000
15:27:01, 7050.000, 7050.000, 6900.000
15:27:02, 7050.000, 7050.000, 6900.000
15:27:03, 6900.000, 7050.000, 6900.000
15:27:04, 6975.000, 7050.000, 6900.000
15:27:05, 6975.000, 6975.000, 6825.000
15:27:06, 6975.000, 6975.000, 6825.000
15:27:07, 6975.000, 6975.000, 6825.000
15:27:08, 6975.000, 7050.000, 6900.000
15:27:09, 6900.000, 6900.000, 6900.000
15:27:10, 6900.000, 6900.000, 6900.000
15:27:11, 6975.000, 7050.000, 6825.000
15:27:12, 6975.000, 6975.000, 6825.000
15:27:13, 6975.000, 6975.000, 6825.000
15:27:14, 6975.000, 6975.000, 6825.000
15:27:15, 6975.000, 6900.000, 6750.000
15:27:16, 6900.000, 7050.000, 6900.000
15:27:17, 6900.000, 6900.000, 6825.000
15:27:19, 6900.000, 6900.000, 6900.000
15:27:20, 6900.000, 6900.000, 6900.000
15:27:21, 6900.000, 6900.000, 6900.000
15:27:22, 6825.000, 7050.000, 6900.000
15:27:23, 6825.000, 6900.000, 6975.000
15:27:23, 6825.000, 6900.000, 6975.000
15:27:25, 6825.000, 7050.000, 6825.000
15:27:26, 6900.000, 6900.000, 6750.000
15:27:27, 6900.000, 6900.000, 6750.000
15:27:28, 6900.000, 7050.000, 6900.000
15:27:29, 6900.000, 7050.000, 6900.000
15:27:30, 6900.000, 7050.000, 6825.000
15:27:31, 6825.000, 6900.000, 6750.000
15:27:32, 6900.000, 6900.000, 6750.000
15:27:33, 6900.000, 6900.000, 6900.000
15:27:34, 6900.000, 6900.000, 6900.000
15:27:35, 6975.000, 7125.000, 6825.000
15:27:36, 6975.000, 6900.000, 6825.000
15:27:37, 6975.000, 6900.000, 6825.000
15:27:38, 6900.000, 7050.000, 6750.000
15:27:39, 6825.000, 6975.000, 6750.000
