15:26:39, 42.000, 39.000, 31.000, 40.000, 44.000
15:26:40, 42.000, 39.000, 31.000, 40.000, 44.000
15:26:41, 42.000, 39.000, 31.000, 40.000, 44.000
15:26:42, 43.000, 39.000, 31.000, 40.000, 44.000
15:26:43, 42.000, 39.000, 31.000, 40.000, 44.000
15:26:44, 42.000, 39.000, 31.000, 40.000, 44.000
15:26:45, 42.000, 39.000, 31.000, 40.000, 44.000
15:26:46, 43.000, 39.000, 31.000, 40.000, 44.000
15:26:47, 42.000, 39.000, 31.000, 40.000, 44.000
15:26:48, 42.000, 39.000, 31.000, 40.000, 44.000
15:26:49, 42.000, 39.000, 31.000, 40.000, 44.000
15:26:50, 43.000, 39.000, 31.000, 40.000, 44.000
15:26:51, 43.000, 39.000, 31.000, 40.000, 44.000
15:26:52, 43.000, 39.000, 31.000, 40.000, 44.000
15:26:53, 43.000, 39.000, 31.000, 40.000, 44.000
15:26:54, 43.000, 39.000, 31.000, 40.000, 44.000
15:26:55, 43.000, 39.000, 31.000, 40.000, 44.000
15:26:56, 42.000, 39.000, 31.000, 40.000, 44.000
15:26:57, 42.000, 39.000, 31.000, 40.000, 44.000
15:26:58, 43.000, 39.000, 31.000, 40.000, 44.000
15:26:59, 42.000, 39.000, 31.000, 40.000, 44.000
15:27:00, 42.000, 39.000, 31.000, 40.000, 44.000
15:27:01, 42.000, 40.000, 31.000, 40.000, 44.000
15:27:02, 42.000, 40.000, 31.000, 40.000, 44.000
15:27:03, 42.000, 39.000, 31.000, 40.000, 44.000
15:27:04, 42.000, 39.000, 31.000, 40.000, 44.000
15:27:05, 42.000, 39.000, 31.000, 40.000, 44.000
15:27:06, 42.000, 39.000, 31.000, 40.000, 44.000
15:27:07, 43.000, 39.000, 31.000, 40.000, 44.000
15:27:08, 42.000, 39.000, 31.000, 40.000, 44.000
15:27:09, 42.000, 39.000, 31.000, 40.000, 44.000
15:27:10, 42.000, 39.000, 31.000, 40.000, 44.000
15:27:11, 43.000, 39.000, 31.000, 40.000, 44.000
15:27:12, 42.000, 39.000, 31.000, 40.000, 44.000
15:27:13, 42.000, 39.000, 31.000, 40.000, 44.000
15:27:14, 43.000, 39.000, 31.000, 40.000, 44.000
15:27:15, 43.000, 39.000, 31.000, 40.000, 44.000
15:27:16, 42.000, 39.000, 31.000, 40.000, 44.000
15:27:17, 43.000, 39.000, 31.000, 40.000, 44.000
15:27:19, 43.000, 39.000, 31.000, 40.000, 44.000
15:27:20, 43.000, 39.000, 31.000, 40.000, 44.000
15:27:21, 42.000, 39.000, 31.000, 40.000, 44.000
15:27:22, 43.000, 39.000, 31.000, 40.000, 44.000
15:27:23, 42.000, 39.000, 31.000, 40.000, 44.000
15:27:24, 42.000, 39.000, 31.000, 40.000, 44.000
15:27:25, 42.000, 39.000, 31.000, 40.000, 44.000
15:27:26, 43.000, 39.000, 31.000, 40.000, 44.000
15:27:27, 42.000, 39.000, 31.000, 40.000, 44.000
15:27:28, 42.000, 39.000, 31.000, 40.000, 44.000
15:27:29, 42.000, 39.000, 31.000, 40.000, 44.000
15:27:30, 43.000, 39.000, 31.000, 40.000, 44.000
15:27:31, 43.000, 39.000, 31.000, 40.000, 44.000
15:27:32, 43.000, 39.000, 31.000, 40.000, 44.000
15:27:33, 42.000, 39.000, 31.000, 40.000, 44.000
15:27:34, 42.000, 39.000, 31.000, 40.000, 44.000
15:27:35, 43.000, 39.000, 31.000, 40.000, 44.000
15:27:36, 42.000, 39.000, 31.000, 40.000, 44.000
15:27:37, 42.000, 39.000, 31.000, 40.000, 44.000
15:27:38, 43.000, 39.000, 31.000, 40.000, 44.000
15:27:39, 43.000, 39.000, 31.000, 40.000, 44.000
