15:26:39, 39.000, 35.000, 38.000, 28.000, 35.000, 30.000, 32.000, 33.000, 34.000, 36.000, 36.000, 31.000, 30.000, 30.000, 31.000, 31.000, 32.000, 32.000, 31.000
15:26:40, 38.000, 34.000, 38.000, 28.000, 34.000, 30.000, 32.000, 33.000, 34.000, 36.000, 36.000, 31.000, 30.000, 30.000, 31.000, 31.000, 32.000, 32.000, 31.000
15:26:41, 39.000, 35.000, 38.000, 28.000, 34.000, 30.000, 32.000, 33.000, 34.000, 36.000, 36.000, 31.000, 30.000, 30.000, 31.000, 31.000, 32.000, 32.000, 31.000
15:26:42, 39.000, 35.000, 38.000, 28.000, 34.000, 30.000, 32.000, 33.000, 34.000, 36.000, 36.000, 31.000, 30.000, 30.000, 31.000, 31.000, 32.000, 32.000, 31.000
15:26:43, 38.000, 34.000, 38.000, 28.000, 35.000, 30.000, 32.000, 33.000, 34.000, 36.000, 36.000, 31.000, 30.000, 30.000, 31.000, 31.000, 32.000, 32.000, 31.000
15:26:44, 37.000, 33.000, 38.000, 28.000, 35.000, 30.000, 32.000, 33.000, 34.000, 36.000, 36.000, 31.000, 30.000, 30.000, 31.000, 31.000, 32.000, 32.000, 31.000
15:26:45, 37.000, 33.000, 38.000, 28.000, 35.000, 30.000, 32.000, 33.000, 34.000, 36.000, 36.000, 31.000, 30.000, 30.000, 31.000, 31.000, 32.000, 32.000, 31.000
15:26:46, 38.000, 34.000, 38.000, 28.000, 35.000, 30.000, 32.000, 33.000, 34.000, 36.000, 36.000, 31.000, 30.000, 30.000, 31.000, 31.000, 32.000, 32.000, 31.000
15:26:47, 40.000, 35.000, 38.000, 28.000, 35.000, 30.000, 32.000, 33.000, 34.000, 36.000, 36.000, 31.000, 30.000, 30.000, 31.000, 31.000, 32.000, 32.000, 31.000
15:26:48, 40.000, 35.000, 38.000, 28.000, 35.000, 30.000, 32.000, 33.000, 34.000, 36.000, 37.000, 31.000, 30.000, 30.000, 31.000, 31.000, 32.000, 32.000, 31.000
15:26:49, 39.000, 34.000, 38.000, 28.000, 35.000, 30.000, 32.000, 33.000, 34.000, 36.000, 37.000, 31.000, 30.000, 30.000, 31.000, 31.000, 32.000, 32.000, 31.000
15:26:50, 38.000, 34.000, 38.000, 28.000, 35.000, 30.000, 32.000, 33.000, 34.000, 36.000, 37.000, 31.000, 30.000, 30.000, 31.000, 31.000, 32.000, 32.000, 31.000
15:26:51, 38.000, 34.000, 38.000, 28.000, 35.000, 30.000, 32.000, 33.000, 34.000, 36.000, 36.000, 31.000, 30.000, 30.000, 31.000, 31.000, 32.000, 32.000, 31.000
15:26:52, 38.000, 34.000, 38.000, 28.000, 34.000, 30.000, 32.000, 33.000, 34.000, 36.000, 36.000, 31.000, 30.000, 30.000, 31.000, 31.000, 32.000, 32.000, 31.000
15:26:53, 38.000, 34.000, 38.000, 28.000, 34.000, 30.000, 32.000, 33.000, 34.000, 36.000, 36.000, 31.000, 30.000, 30.000, 31.000, 31.000, 32.000, 32.000, 31.000
15:26:54, 38.000, 34.000, 38.000, 28.000, 34.000, 30.000, 32.000, 33.000, 33.000, 35.000, 36.000, 31.000, 30.000, 30.000, 31.000, 31.000, 32.000, 32.000, 31.000
15:26:55, 38.000, 34.000, 38.000, 28.000, 35.000, 30.000, 32.000, 33.000, 33.000, 35.000, 36.000, 31.000, 30.000, 30.000, 31.000, 31.000, 32.000, 32.000, 31.000
15:26:56, 38.000, 34.000, 38.000, 28.000, 35.000, 30.000, 32.000, 33.000, 33.000, 35.000, 36.000, 31.000, 30.000, 30.000, 31.000, 31.000, 32.000, 32.000, 31.000
15:26:57, 38.000, 34.000, 38.000, 28.000, 35.000, 30.000, 32.000, 33.000, 34.000, 36.000, 36.000, 31.000, 30.000, 30.000, 31.000, 31.000, 32.000, 32.000, 31.000
15:26:58, 40.000, 36.000, 38.000, 28.000, 35.000, 30.000, 31.000, 33.000, 34.000, 36.000, 36.000, 31.000, 30.000, 30.000, 31.000, 31.000, 32.000, 32.000, 31.000
15:26:59, 40.000, 36.000, 38.000, 28.000, 35.000, 30.000, 31.000, 33.000, 34.000, 36.000, 36.000, 31.000, 30.000, 30.000, 31.000, 31.000, 32.000, 32.000, 31.000
15:27:00, 40.000, 36.000, 38.000, 28.000, 35.000, 30.000, 31.000, 33.000, 34.000, 36.000, 36.000, 31.000, 30.000, 30.000, 31.000, 31.000, 32.000, 32.000, 31.000
15:27:01, 38.000, 34.000, 38.000, 28.000, 35.000, 30.000, 32.000, 33.000, 34.000, 36.000, 36.000, 31.000, 30.000, 30.000, 31.000, 31.000, 32.000, 32.000, 31.000
15:27:02, 37.000, 33.000, 38.000, 28.000, 35.000, 30.000, 32.000, 33.000, 34.000, 36.000, 36.000, 31.000, 30.000, 30.000, 31.000, 31.000, 32.000, 32.000, 31.000
15:27:03, 37.000, 33.000, 38.000, 28.000, 35.000, 30.000, 32.000, 33.000, 34.000, 35.000, 36.000, 31.000, 30.000, 30.000, 31.000, 31.000, 32.000, 32.000, 31.000
15:27:04, 38.000, 34.000, 38.000, 28.000, 35.000, 30.000, 32.000, 33.000, 34.000, 35.000, 36.000, 31.000, 30.000, 30.000, 31.000, 31.000, 32.000, 32.000, 31.000
15:27:06, 37.000, 34.000, 38.000, 28.000, 35.000, 30.000, 32.000, 33.000, 34.000, 35.000, 36.000, 31.000, 30.000, 30.000, 31.000, 31.000, 32.000, 32.000, 31.000
15:27:07, 38.000, 34.000, 38.000, 28.000, 35.000, 30.000, 32.000, 33.000, 33.000, 36.000, 36.000, 31.000, 30.000, 30.000, 31.000, 31.000, 32.000, 32.000, 31.000
15:27:08, 38.000, 34.000, 38.000, 28.000, 35.000, 30.000, 32.000, 33.000, 33.000, 36.000, 36.000, 31.000, 30.000, 30.000, 31.000, 31.000, 32.000, 32.000, 31.000
15:27:08, 39.000, 35.000, 38.000, 28.000, 35.000, 30.000, 32.000, 33.000, 33.000, 36.000, 36.000, 31.000, 30.000, 30.000, 31.000, 31.000, 32.000, 32.000, 31.000
15:27:09, 38.000, 34.000, 38.000, 28.000, 35.000, 30.000, 32.000, 33.000, 33.000, 36.000, 36.000, 31.000, 30.000, 30.000, 31.000, 31.000, 32.000, 32.000, 31.000
15:27:10, 37.000, 34.000, 38.000, 28.000, 34.000, 30.000, 32.000, 33.000, 34.000, 36.000, 36.000, 31.000, 30.000, 30.000, 31.000, 31.000, 32.000, 32.000, 31.000
15:27:12, 37.000, 33.000, 38.000, 28.000, 34.000, 30.000, 32.000, 33.000, 34.000, 36.000, 36.000, 31.000, 30.000, 30.000, 31.000, 31.000, 32.000, 32.000, 31.000
15:27:13, 38.000, 33.000, 38.000, 28.000, 34.000, 30.000, 32.000, 33.000, 34.000, 36.000, 36.000, 31.000, 30.000, 30.000, 31.000, 31.000, 32.000, 32.000, 31.000
15:27:14, 38.000, 35.000, 38.000, 28.000, 35.000, 30.000, 31.000, 33.000, 34.000, 36.000, 36.000, 31.000, 30.000, 30.000, 31.000, 31.000, 32.000, 32.000, 31.000
15:27:15, 40.000, 35.000, 38.000, 28.000, 35.000, 30.000, 31.000, 33.000, 34.000, 36.000, 36.000, 31.000, 30.000, 30.000, 31.000, 31.000, 32.000, 32.000, 31.000
15:27:16, 40.000, 35.000, 38.000, 28.000, 35.000, 30.000, 31.000, 33.000, 34.000, 36.000, 36.000, 31.000, 30.000, 30.000, 31.000, 31.000, 32.000, 32.000, 31.000
15:27:17, 40.000, 36.000, 38.000, 28.000, 35.000, 30.000, 32.000, 33.000, 34.000, 36.000, 36.000, 31.000, 30.000, 30.000, 31.000, 31.000, 32.000, 32.000, 31.000
15:27:18, 40.000, 36.000, 38.000, 28.000, 35.000, 30.000, 32.000, 33.000, 34.000, 36.000, 36.000, 31.000, 30.000, 30.000, 31.000, 31.000, 32.000, 32.000, 31.000
15:27:19, 40.000, 36.000, 38.000, 28.000, 35.000, 30.000, 32.000, 33.000, 34.000, 36.000, 36.000, 31.000, 30.000, 30.000, 31.000, 31.000, 32.000, 32.000, 31.000
15:27:20, 37.000, 34.000, 38.000, 28.000, 35.000, 30.000, 32.000, 33.000, 34.000, 36.000, 36.000, 31.000, 30.000, 30.000, 31.000, 31.000, 32.000, 32.000, 31.000
15:27:21, 37.000, 33.000, 38.000, 28.000, 35.000, 30.000, 32.000, 33.000, 34.000, 36.000, 36.000, 31.000, 30.000, 30.000, 31.000, 31.000, 32.000, 32.000, 31.000
15:27:22, 37.000, 33.000, 38.000, 28.000, 35.000, 30.000, 32.000, 33.000, 34.000, 36.000, 36.000, 31.000, 30.000, 30.000, 31.000, 31.000, 32.000, 32.000, 31.000
15:27:23, 38.000, 34.000, 38.000, 28.000, 35.000, 30.000, 32.000, 33.000, 34.000, 36.000, 36.000, 31.000, 30.000, 30.000, 31.000, 31.000, 32.000, 32.000, 31.000
15:27:24, 37.000, 34.000, 38.000, 28.000, 35.000, 30.000, 32.000, 33.000, 34.000, 36.000, 36.000, 31.000, 30.000, 30.000, 31.000, 31.000, 32.000, 32.000, 31.000
15:27:25, 39.000, 35.000, 38.000, 28.000, 35.000, 30.000, 32.000, 33.000, 34.000, 36.000, 36.000, 31.000, 30.000, 30.000, 31.000, 31.000, 32.000, 32.000, 31.000
15:27:26, 40.000, 35.000, 38.000, 28.000, 35.000, 30.000, 32.000, 33.000, 34.000, 36.000, 36.000, 31.000, 30.000, 30.000, 31.000, 31.000, 32.000, 32.000, 31.000
15:27:27, 40.000, 36.000, 38.000, 28.000, 35.000, 30.000, 32.000, 33.000, 34.000, 36.000, 36.000, 31.000, 30.000, 30.000, 31.000, 31.000, 32.000, 32.000, 31.000
15:27:28, 40.000, 36.000, 38.000, 28.000, 35.000, 30.000, 32.000, 33.000, 34.000, 36.000, 36.000, 31.000, 30.000, 30.000, 31.000, 31.000, 32.000, 32.000, 31.000
15:27:29, 38.000, 34.000, 38.000, 28.000, 34.000, 30.000, 32.000, 33.000, 34.000, 36.000, 36.000, 31.000, 30.000, 30.000, 31.000, 31.000, 32.000, 32.000, 31.000
15:27:30, 38.000, 34.000, 38.000, 28.000, 34.000, 30.000, 32.000, 33.000, 34.000, 36.000, 36.000, 31.000, 30.000, 30.000, 31.000, 31.000, 32.000, 32.000, 31.000
15:27:31, 38.000, 34.000, 38.000, 28.000, 34.000, 30.000, 32.000, 33.000, 34.000, 36.000, 36.000, 31.000, 30.000, 30.000, 31.000, 31.000, 32.000, 32.000, 31.000
15:27:32, 38.000, 34.000, 38.000, 28.000, 35.000, 30.000, 32.000, 33.000, 34.000, 36.000, 36.000, 31.000, 30.000, 30.000, 31.000, 31.000, 32.000, 32.000, 31.000
15:27:33, 38.000, 35.000, 38.000, 28.000, 35.000, 30.000, 32.000, 33.000, 34.000, 36.000, 36.000, 31.000, 30.000, 30.000, 31.000, 31.000, 32.000, 32.000, 31.000
15:27:34, 38.000, 35.000, 38.000, 28.000, 35.000, 30.000, 32.000, 33.000, 34.000, 36.000, 36.000, 31.000, 30.000, 30.000, 31.000, 31.000, 32.000, 32.000, 31.000
15:27:35, 37.000, 34.000, 38.000, 28.000, 35.000, 30.000, 32.000, 33.000, 34.000, 36.000, 36.000, 31.000, 30.000, 30.000, 31.000, 31.000, 32.000, 32.000, 31.000
15:27:36, 37.000, 34.000, 38.000, 28.000, 35.000, 30.000, 32.000, 33.000, 34.000, 36.000, 36.000, 31.000, 30.000, 30.000, 31.000, 31.000, 32.000, 32.000, 31.000
15:27:37, 37.000, 34.000, 38.000, 28.000, 35.000, 30.000, 32.000, 33.000, 34.000, 35.000, 36.000, 31.000, 30.000, 30.000, 31.000, 31.000, 32.000, 32.000, 31.000
15:27:38, 37.000, 34.000, 38.000, 28.000, 35.000, 30.000, 32.000, 33.000, 34.000, 35.000, 36.000, 31.000, 30.000, 30.000, 31.000, 31.000, 32.000, 32.000, 31.000
15:27:39, 37.000, 33.000, 38.000, 28.000, 35.000, 30.000, 32.000, 33.000, 34.000, 35.000, 36.000, 31.000, 30.000, 30.000, 31.000, 31.000, 32.000, 32.000, 31.000
