15:26:39, 36.000, 35.000, 39.000, 25.000, 34.000, 28.000, 33.000, 32.000, 34.000, 36.000, 35.000, 29.000, 28.000, 30.000, 30.000, 31.000, 32.000, 30.000, 30.000
15:26:40, 36.000, 35.000, 39.000, 25.000, 34.000, 28.000, 33.000, 32.000, 34.000, 36.000, 35.000, 29.000, 28.000, 30.000, 30.000, 31.000, 32.000, 30.000, 30.000
15:26:41, 36.000, 34.000, 39.000, 25.000, 34.000, 28.000, 33.000, 32.000, 34.000, 35.000, 35.000, 29.000, 28.000, 30.000, 30.000, 31.000, 32.000, 30.000, 30.000
15:26:42, 36.000, 35.000, 39.000, 25.000, 34.000, 28.000, 32.000, 32.000, 34.000, 35.000, 35.000, 29.000, 28.000, 30.000, 30.000, 31.000, 32.000, 30.000, 30.000
15:26:43, 36.000, 35.000, 39.000, 25.000, 34.000, 28.000, 32.000, 32.000, 34.000, 35.000, 35.000, 29.000, 28.000, 30.000, 30.000, 31.000, 32.000, 30.000, 30.000
15:26:44, 36.000, 34.000, 39.000, 25.000, 34.000, 28.000, 32.000, 32.000, 34.000, 35.000, 35.000, 29.000, 28.000, 30.000, 30.000, 31.000, 32.000, 30.000, 30.000
15:26:45, 36.000, 34.000, 39.000, 25.000, 34.000, 28.000, 32.000, 33.000, 34.000, 35.000, 35.000, 29.000, 28.000, 30.000, 30.000, 31.000, 32.000, 30.000, 30.000
15:26:46, 37.000, 34.000, 39.000, 25.000, 34.000, 28.000, 32.000, 33.000, 34.000, 36.000, 35.000, 29.000, 28.000, 30.000, 30.000, 31.000, 32.000, 30.000, 30.000
15:26:47, 38.000, 36.000, 39.000, 25.000, 34.000, 28.000, 32.000, 33.000, 34.000, 36.000, 35.000, 29.000, 28.000, 30.000, 30.000, 31.000, 32.000, 30.000, 30.000
15:26:48, 39.000, 36.000, 39.000, 25.000, 34.000, 28.000, 32.000, 33.000, 34.000, 36.000, 35.000, 29.000, 28.000, 30.000, 30.000, 31.000, 32.000, 30.000, 30.000
15:26:49, 39.000, 37.000, 39.000, 25.000, 34.000, 28.000, 32.000, 33.000, 34.000, 36.000, 35.000, 29.000, 28.000, 30.000, 30.000, 31.000, 32.000, 30.000, 30.000
15:26:50, 39.000, 37.000, 39.000, 25.000, 34.000, 28.000, 32.000, 33.000, 34.000, 35.000, 35.000, 29.000, 28.000, 30.000, 30.000, 31.000, 32.000, 30.000, 30.000
15:26:51, 37.000, 35.000, 38.000, 25.000, 34.000, 28.000, 32.000, 33.000, 34.000, 35.000, 35.000, 29.000, 28.000, 30.000, 30.000, 31.000, 32.000, 30.000, 30.000
15:26:52, 37.000, 35.000, 38.000, 25.000, 34.000, 28.000, 32.000, 33.000, 34.000, 35.000, 35.000, 29.000, 28.000, 30.000, 30.000, 31.000, 32.000, 30.000, 30.000
15:26:53, 36.000, 34.000, 38.000, 25.000, 34.000, 28.000, 32.000, 33.000, 34.000, 35.000, 35.000, 29.000, 28.000, 30.000, 30.000, 31.000, 32.000, 30.000, 30.000
15:26:54, 37.000, 35.000, 38.000, 25.000, 34.000, 28.000, 32.000, 33.000, 34.000, 35.000, 35.000, 29.000, 28.000, 30.000, 30.000, 31.000, 32.000, 30.000, 30.000
15:26:55, 36.000, 35.000, 39.000, 25.000, 34.000, 28.000, 32.000, 33.000, 34.000, 35.000, 35.000, 29.000, 28.000, 30.000, 30.000, 31.000, 32.000, 30.000, 30.000
15:26:56, 36.000, 34.000, 39.000, 25.000, 34.000, 28.000, 32.000, 33.000, 34.000, 35.000, 35.000, 29.000, 28.000, 30.000, 30.000, 31.000, 32.000, 30.000, 30.000
15:26:57, 36.000, 35.000, 39.000, 25.000, 34.000, 28.000, 32.000, 33.000, 34.000, 35.000, 35.000, 29.000, 28.000, 30.000, 30.000, 31.000, 32.000, 30.000, 30.000
15:26:59, 39.000, 37.000, 39.000, 25.000, 34.000, 28.000, 32.000, 33.000, 34.000, 35.000, 35.000, 29.000, 28.000, 30.000, 30.000, 31.000, 32.000, 30.000, 30.000
15:26:59, 39.000, 37.000, 39.000, 25.000, 34.000, 28.000, 32.000, 33.000, 34.000, 35.000, 35.000, 29.000, 28.000, 30.000, 30.000, 31.000, 32.000, 30.000, 30.000
15:27:00, 39.000, 37.000, 38.000, 25.000, 34.000, 28.000, 32.000, 33.000, 34.000, 35.000, 35.000, 29.000, 28.000, 30.000, 30.000, 31.000, 32.000, 30.000, 30.000
15:27:01, 39.000, 37.000, 38.000, 25.000, 34.000, 28.000, 32.000, 33.000, 34.000, 35.000, 35.000, 29.000, 28.000, 30.000, 30.000, 31.000, 32.000, 30.000, 30.000
15:27:02, 37.000, 35.000, 38.000, 25.000, 34.000, 28.000, 32.000, 32.000, 34.000, 35.000, 35.000, 29.000, 28.000, 30.000, 30.000, 31.000, 32.000, 30.000, 30.000
15:27:03, 36.000, 34.000, 38.000, 25.000, 34.000, 28.000, 32.000, 32.000, 34.000, 35.000, 35.000, 29.000, 28.000, 30.000, 30.000, 31.000, 32.000, 30.000, 30.000
15:27:04, 36.000, 34.000, 38.000, 25.000, 34.000, 28.000, 32.000, 32.000, 34.000, 36.000, 35.000, 29.000, 28.000, 30.000, 30.000, 31.000, 32.000, 30.000, 30.000
15:27:06, 36.000, 35.000, 38.000, 25.000, 34.000, 28.000, 33.000, 32.000, 34.000, 36.000, 35.000, 29.000, 28.000, 30.000, 30.000, 31.000, 32.000, 30.000, 30.000
15:27:07, 36.000, 35.000, 39.000, 25.000, 34.000, 28.000, 33.000, 32.000, 34.000, 36.000, 35.000, 29.000, 28.000, 30.000, 30.000, 31.000, 32.000, 30.000, 30.000
15:27:07, 36.000, 35.000, 39.000, 25.000, 34.000, 28.000, 33.000, 32.000, 34.000, 36.000, 35.000, 29.000, 28.000, 30.000, 30.000, 31.000, 32.000, 30.000, 30.000
15:27:08, 37.000, 35.000, 39.000, 25.000, 34.000, 28.000, 32.000, 33.000, 34.000, 36.000, 35.000, 29.000, 28.000, 30.000, 30.000, 31.000, 32.000, 30.000, 30.000
15:27:09, 39.000, 36.000, 39.000, 25.000, 34.000, 28.000, 32.000, 33.000, 34.000, 36.000, 35.000, 29.000, 28.000, 30.000, 30.000, 31.000, 32.000, 30.000, 30.000
15:27:11, 39.000, 36.000, 39.000, 25.000, 34.000, 28.000, 32.000, 33.000, 34.000, 35.000, 35.000, 29.000, 28.000, 30.000, 30.000, 31.000, 32.000, 30.000, 30.000
15:27:12, 36.000, 34.000, 39.000, 25.000, 34.000, 28.000, 32.000, 32.000, 34.000, 35.000, 35.000, 29.000, 28.000, 30.000, 30.000, 31.000, 32.000, 30.000, 30.000
15:27:13, 38.000, 36.000, 39.000, 25.000, 34.000, 28.000, 32.000, 32.000, 34.000, 35.000, 35.000, 29.000, 28.000, 30.000, 30.000, 31.000, 32.000, 30.000, 30.000
15:27:14, 40.000, 37.000, 39.000, 25.000, 34.000, 28.000, 32.000, 32.000, 34.000, 36.000, 35.000, 29.000, 28.000, 30.000, 30.000, 31.000, 32.000, 30.000, 30.000
15:27:15, 39.000, 37.000, 39.000, 25.000, 34.000, 28.000, 32.000, 32.000, 34.000, 36.000, 35.000, 29.000, 28.000, 30.000, 30.000, 31.000, 32.000, 30.000, 30.000
15:27:16, 38.000, 36.000, 39.000, 25.000, 34.000, 28.000, 32.000, 32.000, 34.000, 36.000, 35.000, 29.000, 28.000, 30.000, 30.000, 31.000, 32.000, 30.000, 30.000
15:27:17, 38.000, 36.000, 39.000, 25.000, 34.000, 28.000, 32.000, 32.000, 34.000, 35.000, 35.000, 29.000, 28.000, 30.000, 30.000, 31.000, 32.000, 30.000, 30.000
15:27:18, 38.000, 36.000, 39.000, 25.000, 34.000, 28.000, 32.000, 33.000, 34.000, 35.000, 35.000, 29.000, 28.000, 30.000, 30.000, 31.000, 32.000, 30.000, 30.000
15:27:19, 38.000, 36.000, 39.000, 25.000, 34.000, 28.000, 32.000, 33.000, 34.000, 35.000, 35.000, 29.000, 28.000, 30.000, 30.000, 31.000, 32.000, 30.000, 30.000
15:27:20, 37.000, 35.000, 39.000, 25.000, 34.000, 28.000, 32.000, 33.000, 34.000, 35.000, 35.000, 29.000, 28.000, 30.000, 30.000, 31.000, 32.000, 30.000, 30.000
15:27:21, 37.000, 35.000, 39.000, 25.000, 34.000, 28.000, 32.000, 33.000, 34.000, 35.000, 35.000, 29.000, 28.000, 30.000, 30.000, 31.000, 32.000, 30.000, 30.000
15:27:22, 37.000, 35.000, 38.000, 25.000, 34.000, 28.000, 32.000, 33.000, 34.000, 35.000, 35.000, 29.000, 28.000, 30.000, 30.000, 31.000, 32.000, 30.000, 30.000
15:27:23, 37.000, 35.000, 38.000, 25.000, 34.000, 28.000, 32.000, 33.000, 34.000, 35.000, 35.000, 29.000, 28.000, 30.000, 30.000, 31.000, 32.000, 30.000, 30.000
15:27:24, 37.000, 35.000, 38.000, 25.000, 34.000, 28.000, 32.000, 32.000, 34.000, 35.000, 35.000, 29.000, 28.000, 30.000, 30.000, 31.000, 32.000, 30.000, 30.000
15:27:25, 39.000, 37.000, 39.000, 25.000, 34.000, 28.000, 32.000, 32.000, 34.000, 35.000, 35.000, 29.000, 28.000, 30.000, 30.000, 31.000, 32.000, 30.000, 30.000
15:27:26, 39.000, 37.000, 39.000, 25.000, 34.000, 28.000, 32.000, 32.000, 34.000, 35.000, 35.000, 29.000, 28.000, 30.000, 30.000, 31.000, 32.000, 30.000, 30.000
15:27:27, 40.000, 37.000, 39.000, 25.000, 34.000, 28.000, 32.000, 32.000, 34.000, 35.000, 35.000, 29.000, 28.000, 30.000, 30.000, 31.000, 32.000, 30.000, 30.000
15:27:28, 38.000, 37.000, 39.000, 25.000, 34.000, 28.000, 32.000, 32.000, 34.000, 35.000, 35.000, 29.000, 28.000, 30.000, 30.000, 31.000, 32.000, 30.000, 30.000
15:27:29, 38.000, 36.000, 39.000, 25.000, 34.000, 28.000, 32.000, 32.000, 34.000, 35.000, 35.000, 29.000, 28.000, 30.000, 30.000, 31.000, 32.000, 30.000, 30.000
15:27:30, 37.000, 35.000, 39.000, 25.000, 34.000, 28.000, 32.000, 32.000, 34.000, 35.000, 35.000, 29.000, 28.000, 30.000, 30.000, 31.000, 32.000, 30.000, 30.000
15:27:31, 36.000, 35.000, 38.000, 25.000, 34.000, 28.000, 32.000, 32.000, 34.000, 35.000, 35.000, 29.000, 28.000, 30.000, 30.000, 31.000, 32.000, 30.000, 30.000
15:27:32, 36.000, 35.000, 38.000, 25.000, 34.000, 28.000, 32.000, 32.000, 34.000, 35.000, 35.000, 29.000, 28.000, 30.000, 30.000, 31.000, 32.000, 30.000, 30.000
15:27:33, 36.000, 35.000, 38.000, 25.000, 34.000, 28.000, 32.000, 32.000, 34.000, 35.000, 35.000, 29.000, 28.000, 30.000, 30.000, 31.000, 32.000, 30.000, 30.000
15:27:34, 36.000, 35.000, 39.000, 25.000, 34.000, 28.000, 32.000, 32.000, 34.000, 35.000, 35.000, 29.000, 28.000, 30.000, 30.000, 31.000, 32.000, 30.000, 30.000
15:27:35, 35.000, 34.000, 39.000, 25.000, 34.000, 28.000, 32.000, 32.000, 34.000, 35.000, 35.000, 29.000, 28.000, 30.000, 30.000, 31.000, 32.000, 30.000, 30.000
15:27:36, 37.000, 35.000, 39.000, 25.000, 34.000, 28.000, 32.000, 32.000, 34.000, 35.000, 35.000, 29.000, 28.000, 30.000, 30.000, 31.000, 32.000, 30.000, 30.000
15:27:37, 36.000, 34.000, 39.000, 25.000, 34.000, 28.000, 32.000, 32.000, 34.000, 35.000, 35.000, 29.000, 28.000, 30.000, 30.000, 31.000, 32.000, 30.000, 30.000
15:27:38, 36.000, 34.000, 39.000, 25.000, 34.000, 28.000, 32.000, 32.000, 34.000, 35.000, 35.000, 29.000, 28.000, 30.000, 30.000, 31.000, 32.000, 30.000, 30.000
15:27:39, 35.000, 34.000, 39.000, 25.000, 34.000, 28.000, 32.000, 32.000, 34.000, 35.000, 35.000, 29.000, 28.000, 30.000, 30.000, 31.000, 32.000, 30.000, 30.000
