15:26:39, 8700.000, 8625.000, 8400.000
15:26:40, 8475.000, 8625.000, 8400.000
15:26:41, 8475.000, 8400.000, 8625.000
15:26:42, 8475.000, 8400.000, 8625.000
15:26:43, 8700.000, 8475.000, 8325.000
15:26:44, 8775.000, 8325.000, 8175.000
15:26:45, 8625.000, 8475.000, 8325.000
15:26:46, 8625.000, 8475.000, 8325.000
15:26:47, 8700.000, 8325.000, 8325.000
15:26:48, 8700.000, 8325.000, 8325.000
15:26:49, 8625.000, 8325.000, 8475.000
15:26:50, 8625.000, 8325.000, 8475.000
15:26:51, 8625.000, 8550.000, 8475.000
15:26:52, 8400.000, 8325.000, 8175.000
15:26:53, 8400.000, 8325.000, 8175.000
15:26:54, 8400.000, 8475.000, 8325.000
15:26:55, 8400.000, 8475.000, 8325.000
15:26:56, 8400.000, 8400.000, 8475.000
15:26:57, 8400.000, 8325.000, 8475.000
15:26:58, 8400.000, 8475.000, 8175.000
15:26:59, 8400.000, 8475.000, 8175.000
15:27:00, 8400.000, 8475.000, 8175.000
15:27:01, 8400.000, 8325.000, 8325.000
15:27:02, 8550.000, 8475.000, 8475.000
15:27:03, 8775.000, 8325.000, 8175.000
15:27:04, 8775.000, 8325.000, 8175.000
15:27:05, 8775.000, 8475.000, 8325.000
15:27:06, 8775.000, 8400.000, 8325.000
15:27:07, 8775.000, 8400.000, 8475.000
15:27:08, 8775.000, 8400.000, 8475.000
15:27:09, 8700.000, 8475.000, 8400.000
15:27:10, 8700.000, 8325.000, 8175.000
15:27:11, 8400.000, 8475.000, 8325.000
15:27:12, 8475.000, 8475.000, 8325.000
15:27:13, 8475.000, 8475.000, 8325.000
15:27:14, 8475.000, 8325.000, 8400.000
15:27:15, 8700.000, 8400.000, 8475.000
15:27:16, 8700.000, 8400.000, 8250.000
15:27:17, 8700.000, 8325.000, 8250.000
15:27:18, 8400.000, 8475.000, 8325.000
15:27:20, 8400.000, 8400.000, 8325.000
15:27:21, 8400.000, 8400.000, 8475.000
15:27:22, 8400.000, 8400.000, 8475.000
15:27:23, 8475.000, 8475.000, 8475.000
15:27:23, 8775.000, 8475.000, 8475.000
15:27:25, 8625.000, 8400.000, 8175.000
15:27:26, 8625.000, 8400.000, 8175.000
15:27:27, 8400.000, 8475.000, 8325.000
15:27:28, 8400.000, 8475.000, 8325.000
15:27:29, 8400.000, 8400.000, 8475.000
15:27:30, 8400.000, 8400.000, 8475.000
15:27:31, 8475.000, 8475.000, 8475.000
15:27:32, 8775.000, 8400.000, 8250.000
15:27:33, 8625.000, 8475.000, 8325.000
15:27:34, 8625.000, 8475.000, 8325.000
15:27:35, 8625.000, 8475.000, 8325.000
15:27:36, 8625.000, 8400.000, 8550.000
15:27:37, 8400.000, 8475.000, 8475.000
15:27:38, 8475.000, 8400.000, 8250.000
15:27:39, 8475.000, 8400.000, 8250.000
