15:26:39, 48.000, 45.000, 31.000, 43.000, 45.000
15:26:40, 48.000, 44.000, 31.000, 43.000, 45.000
15:26:41, 48.000, 43.000, 31.000, 43.000, 45.000
15:26:42, 47.000, 43.000, 31.000, 43.000, 45.000
15:26:43, 47.000, 43.000, 31.000, 43.000, 45.000
15:26:44, 47.000, 45.000, 31.000, 43.000, 45.000
15:26:45, 47.000, 44.000, 31.000, 43.000, 45.000
15:26:46, 48.000, 44.000, 31.000, 43.000, 45.000
15:26:47, 48.000, 44.000, 31.000, 43.000, 45.000
15:26:48, 48.000, 44.000, 31.000, 43.000, 45.000
15:26:49, 48.000, 43.000, 31.000, 43.000, 45.000
15:26:50, 48.000, 43.000, 31.000, 43.000, 45.000
15:26:51, 48.000, 43.000, 31.000, 43.000, 45.000
15:26:52, 47.000, 44.000, 31.000, 43.000, 45.000
15:26:53, 48.000, 43.000, 31.000, 43.000, 45.000
15:26:54, 48.000, 43.000, 31.000, 43.000, 45.000
15:26:55, 48.000, 43.000, 31.000, 43.000, 45.000
15:26:56, 48.000, 43.000, 31.000, 43.000, 45.000
15:26:57, 48.000, 43.000, 31.000, 43.000, 45.000
15:26:58, 48.000, 43.000, 31.000, 43.000, 45.000
15:26:59, 48.000, 43.000, 31.000, 43.000, 45.000
15:27:00, 48.000, 43.000, 31.000, 43.000, 45.000
15:27:01, 48.000, 44.000, 31.000, 43.000, 45.000
15:27:02, 47.000, 44.000, 31.000, 43.000, 45.000
15:27:03, 47.000, 42.000, 31.000, 43.000, 45.000
15:27:04, 48.000, 42.000, 31.000, 43.000, 45.000
15:27:05, 49.000, 44.000, 31.000, 43.000, 45.000
15:27:06, 49.000, 44.000, 31.000, 43.000, 45.000
15:27:07, 48.000, 44.000, 31.000, 43.000, 45.000
15:27:08, 48.000, 44.000, 31.000, 43.000, 45.000
15:27:09, 48.000, 44.000, 31.000, 43.000, 45.000
15:27:10, 49.000, 44.000, 31.000, 43.000, 45.000
15:27:11, 50.000, 43.000, 31.000, 43.000, 45.000
15:27:12, 49.000, 42.000, 31.000, 43.000, 45.000
15:27:13, 49.000, 42.000, 31.000, 43.000, 45.000
15:27:14, 48.000, 44.000, 31.000, 43.000, 45.000
15:27:15, 48.000, 44.000, 31.000, 43.000, 45.000
15:27:16, 48.000, 44.000, 31.000, 43.000, 45.000
15:27:17, 48.000, 43.000, 31.000, 43.000, 45.000
15:27:18, 48.000, 44.000, 31.000, 43.000, 45.000
15:27:20, 48.000, 43.000, 31.000, 43.000, 45.000
15:27:21, 48.000, 44.000, 31.000, 43.000, 45.000
15:27:22, 48.000, 44.000, 31.000, 43.000, 45.000
15:27:23, 48.000, 43.000, 31.000, 43.000, 45.000
15:27:23, 49.000, 44.000, 31.000, 43.000, 45.000
15:27:25, 49.000, 44.000, 31.000, 43.000, 45.000
15:27:26, 50.000, 43.000, 31.000, 43.000, 45.000
15:27:27, 50.000, 43.000, 31.000, 43.000, 45.000
15:27:28, 48.000, 43.000, 31.000, 43.000, 45.000
15:27:29, 48.000, 43.000, 31.000, 43.000, 45.000
15:27:30, 48.000, 44.000, 31.000, 43.000, 45.000
15:27:31, 48.000, 44.000, 31.000, 43.000, 45.000
15:27:32, 48.000, 42.000, 31.000, 43.000, 45.000
15:27:33, 48.000, 42.000, 31.000, 43.000, 45.000
15:27:34, 50.000, 42.000, 31.000, 43.000, 45.000
15:27:35, 50.000, 42.000, 31.000, 43.000, 45.000
15:27:36, 50.000, 42.000, 31.000, 43.000, 45.000
15:27:37, 48.000, 42.000, 31.000, 43.000, 45.000
15:27:38, 47.000, 43.000, 31.000, 43.000, 45.000
15:27:39, 47.000, 43.000, 31.000, 43.000, 45.000
