15:26:39, 44.000, 38.000, 34.000, 43.000, 49.000
15:26:40, 44.000, 38.000, 34.000, 43.000, 49.000
15:26:41, 44.000, 38.000, 34.000, 43.000, 49.000
15:26:42, 44.000, 39.000, 34.000, 43.000, 49.000
15:26:43, 44.000, 39.000, 34.000, 43.000, 49.000
15:26:44, 44.000, 38.000, 34.000, 43.000, 49.000
15:26:45, 44.000, 39.000, 34.000, 43.000, 49.000
15:26:46, 44.000, 39.000, 34.000, 43.000, 49.000
15:26:47, 45.000, 39.000, 34.000, 43.000, 49.000
15:26:48, 45.000, 39.000, 34.000, 43.000, 49.000
15:26:49, 44.000, 39.000, 34.000, 43.000, 49.000
15:26:50, 44.000, 39.000, 34.000, 43.000, 49.000
15:26:51, 44.000, 39.000, 34.000, 43.000, 49.000
15:26:52, 44.000, 39.000, 34.000, 43.000, 49.000
15:26:53, 44.000, 39.000, 34.000, 43.000, 49.000
15:26:54, 44.000, 39.000, 34.000, 43.000, 49.000
15:26:55, 44.000, 39.000, 34.000, 43.000, 49.000
15:26:56, 44.000, 38.000, 34.000, 43.000, 49.000
15:26:57, 44.000, 38.000, 34.000, 43.000, 49.000
15:26:58, 44.000, 38.000, 34.000, 43.000, 49.000
15:26:59, 44.000, 39.000, 34.000, 43.000, 49.000
15:27:00, 44.000, 39.000, 34.000, 43.000, 49.000
15:27:01, 44.000, 38.000, 34.000, 43.000, 49.000
15:27:02, 44.000, 38.000, 34.000, 43.000, 49.000
15:27:03, 44.000, 38.000, 34.000, 43.000, 49.000
15:27:04, 44.000, 38.000, 34.000, 43.000, 49.000
15:27:05, 44.000, 38.000, 34.000, 43.000, 49.000
15:27:06, 44.000, 38.000, 34.000, 43.000, 49.000
15:27:07, 44.000, 38.000, 34.000, 43.000, 49.000
15:27:08, 44.000, 38.000, 34.000, 43.000, 49.000
15:27:09, 44.000, 38.000, 34.000, 43.000, 49.000
15:27:10, 44.000, 38.000, 34.000, 43.000, 49.000
15:27:11, 44.000, 39.000, 34.000, 43.000, 49.000
15:27:12, 44.000, 39.000, 34.000, 43.000, 49.000
15:27:13, 44.000, 38.000, 34.000, 43.000, 49.000
15:27:14, 44.000, 39.000, 34.000, 43.000, 49.000
15:27:15, 44.000, 39.000, 34.000, 43.000, 49.000
15:27:16, 44.000, 38.000, 34.000, 43.000, 49.000
15:27:17, 44.000, 39.000, 34.000, 43.000, 49.000
15:27:18, 44.000, 38.000, 34.000, 43.000, 49.000
15:27:20, 44.000, 39.000, 34.000, 43.000, 49.000
15:27:21, 44.000, 39.000, 34.000, 43.000, 49.000
15:27:22, 44.000, 39.000, 34.000, 43.000, 49.000
15:27:23, 43.000, 39.000, 34.000, 43.000, 49.000
15:27:24, 43.000, 39.000, 34.000, 43.000, 49.000
15:27:25, 43.000, 39.000, 34.000, 43.000, 49.000
15:27:26, 44.000, 39.000, 34.000, 43.000, 49.000
15:27:27, 43.000, 38.000, 34.000, 43.000, 49.000
15:27:28, 44.000, 38.000, 34.000, 43.000, 49.000
15:27:29, 44.000, 38.000, 34.000, 43.000, 49.000
15:27:30, 44.000, 39.000, 34.000, 43.000, 49.000
15:27:31, 44.000, 39.000, 34.000, 43.000, 49.000
15:27:32, 44.000, 39.000, 34.000, 43.000, 49.000
15:27:33, 44.000, 39.000, 34.000, 43.000, 49.000
15:27:34, 44.000, 39.000, 34.000, 43.000, 49.000
15:27:35, 44.000, 39.000, 34.000, 43.000, 49.000
15:27:36, 43.000, 39.000, 34.000, 43.000, 49.000
15:27:37, 44.000, 38.000, 34.000, 43.000, 49.000
15:27:38, 44.000, 38.000, 34.000, 43.000, 49.000
15:27:39, 44.000, 39.000, 34.000, 43.000, 49.000
