15:26:39, 7350.000, 7575.000, 7350.000
15:26:40, 7425.000, 7650.000, 7200.000
15:26:41, 7350.000, 7575.000, 7275.000
15:26:42, 7350.000, 7575.000, 7275.000
15:26:43, 7425.000, 7575.000, 7200.000
15:26:44, 7350.000, 7575.000, 7200.000
15:26:45, 7350.000, 7650.000, 7275.000
15:26:46, 7425.000, 7650.000, 7275.000
15:26:47, 7425.000, 7650.000, 7275.000
15:26:48, 7350.000, 7575.000, 7200.000
15:26:49, 7500.000, 7725.000, 7200.000
15:26:50, 7500.000, 7725.000, 7200.000
15:26:51, 7500.000, 7725.000, 7200.000
15:26:52, 7425.000, 7650.000, 7200.000
15:26:53, 7350.000, 7650.000, 7350.000
15:26:54, 7425.000, 7650.000, 7350.000
15:26:55, 7425.000, 7650.000, 7350.000
15:26:56, 7350.000, 7650.000, 7200.000
15:26:57, 7425.000, 7650.000, 7200.000
15:26:58, 7425.000, 7575.000, 7275.000
15:26:59, 7425.000, 7575.000, 7275.000
15:27:00, 7350.000, 7575.000, 7350.000
15:27:01, 7500.000, 7650.000, 7200.000
15:27:02, 7350.000, 7500.000, 7350.000
15:27:03, 7350.000, 7500.000, 7350.000
15:27:04, 7500.000, 7500.000, 7350.000
15:27:05, 7500.000, 7650.000, 7200.000
15:27:06, 7425.000, 7650.000, 7350.000
15:27:07, 7425.000, 7650.000, 7350.000
15:27:08, 7500.000, 7650.000, 7275.000
15:27:09, 7425.000, 7650.000, 7350.000
15:27:10, 7425.000, 7650.000, 7350.000
15:27:11, 7425.000, 7725.000, 7200.000
15:27:13, 7425.000, 7725.000, 7200.000
15:27:13, 7350.000, 7650.000, 7275.000
15:27:14, 7500.000, 7650.000, 7350.000
15:27:15, 7425.000, 7575.000, 7350.000
15:27:16, 7425.000, 7575.000, 7350.000
15:27:17, 7350.000, 7575.000, 7350.000
15:27:18, 7350.000, 7575.000, 7200.000
15:27:20, 7425.000, 7575.000, 7350.000
15:27:21, 7275.000, 7575.000, 7200.000
15:27:22, 7275.000, 7575.000, 7200.000
15:27:23, 7275.000, 7575.000, 7350.000
15:27:23, 7500.000, 7575.000, 7350.000
15:27:25, 7500.000, 7650.000, 7275.000
15:27:26, 7500.000, 7650.000, 7275.000
15:27:27, 7350.000, 7650.000, 7200.000
15:27:28, 7500.000, 7500.000, 7350.000
15:27:29, 7500.000, 7575.000, 7200.000
15:27:30, 7500.000, 7575.000, 7200.000
15:27:31, 7500.000, 7575.000, 7200.000
15:27:32, 7350.000, 7575.000, 7350.000
15:27:33, 7350.000, 7725.000, 7275.000
15:27:34, 7500.000, 7650.000, 7350.000
15:27:35, 7500.000, 7650.000, 7350.000
15:27:36, 7500.000, 7650.000, 7200.000
15:27:37, 7275.000, 7650.000, 7200.000
15:27:38, 7275.000, 7500.000, 7200.000
15:27:39, 7275.000, 7500.000, 7200.000
