15:26:39, 6000.000, 6000.000, 5700.000
15:26:40, 6000.000, 5850.000, 5700.000
15:26:41, 6000.000, 5775.000, 5775.000
15:26:42, 6000.000, 5775.000, 5775.000
15:26:43, 6000.000, 5775.000, 5775.000
15:26:44, 5925.000, 5850.000, 5625.000
15:26:45, 5850.000, 5850.000, 5775.000
15:26:46, 5850.000, 5850.000, 5775.000
15:26:47, 5925.000, 5850.000, 5775.000
15:26:48, 5925.000, 6000.000, 5625.000
15:26:49, 5850.000, 6000.000, 5625.000
15:26:50, 5850.000, 6000.000, 5625.000
15:26:51, 5850.000, 5850.000, 5775.000
15:26:52, 5775.000, 5850.000, 5700.000
15:26:53, 5775.000, 5850.000, 5625.000
15:26:54, 5850.000, 5775.000, 5625.000
15:26:55, 5850.000, 5775.000, 5625.000
15:26:56, 5850.000, 5775.000, 5625.000
15:26:57, 5775.000, 5775.000, 5775.000
15:26:58, 5850.000, 6000.000, 5625.000
15:26:59, 5850.000, 6000.000, 5625.000
15:27:00, 5775.000, 5850.000, 5775.000
15:27:01, 5775.000, 5850.000, 5625.000
15:27:02, 5775.000, 5850.000, 5625.000
15:27:03, 5775.000, 5850.000, 5625.000
15:27:04, 5775.000, 5850.000, 5700.000
15:27:05, 5775.000, 5850.000, 5775.000
15:27:06, 5775.000, 5850.000, 5775.000
15:27:07, 5775.000, 5850.000, 5775.000
15:27:08, 6000.000, 5850.000, 5850.000
15:27:09, 6000.000, 5850.000, 5850.000
15:27:10, 5775.000, 6000.000, 5850.000
15:27:11, 5775.000, 6000.000, 5775.000
15:27:13, 6000.000, 5850.000, 5775.000
15:27:13, 5775.000, 5775.000, 5625.000
15:27:14, 6000.000, 5850.000, 5625.000
15:27:15, 6000.000, 5850.000, 5775.000
15:27:16, 6000.000, 5850.000, 5775.000
15:27:17, 5850.000, 6000.000, 5625.000
15:27:19, 5775.000, 5775.000, 5775.000
15:27:20, 5775.000, 5850.000, 5625.000
15:27:21, 5775.000, 5850.000, 5775.000
15:27:22, 5775.000, 5850.000, 5775.000
15:27:23, 5775.000, 5850.000, 5775.000
15:27:24, 5850.000, 5775.000, 5700.000
15:27:25, 5850.000, 5775.000, 5700.000
15:27:26, 6000.000, 5850.000, 5700.000
15:27:27, 5925.000, 6000.000, 5775.000
15:27:28, 5775.000, 5850.000, 5850.000
15:27:29, 5775.000, 5850.000, 5850.000
15:27:30, 5775.000, 5850.000, 5850.000
15:27:31, 5775.000, 5775.000, 5700.000
15:27:32, 6000.000, 6000.000, 5850.000
15:27:33, 6000.000, 5850.000, 5700.000
15:27:34, 6000.000, 5850.000, 5625.000
15:27:35, 6000.000, 5850.000, 5625.000
15:27:36, 6000.000, 5850.000, 5625.000
15:27:37, 6000.000, 5850.000, 5700.000
15:27:38, 5850.000, 6000.000, 5775.000
15:27:39, 5850.000, 6000.000, 5775.000
