15:26:39, 37.000, 33.000, 32.000, 42.000, 50.000, 37.000, 36.000, 33.000, 33.000
15:26:40, 38.000, 35.000, 32.000, 42.000, 49.000, 37.000, 36.000, 33.000, 33.000
15:26:41, 38.000, 35.000, 32.000, 42.000, 49.000, 37.000, 36.000, 33.000, 33.000
15:26:42, 36.000, 33.000, 32.000, 42.000, 49.000, 37.000, 36.000, 33.000, 33.000
15:26:43, 37.000, 34.000, 32.000, 42.000, 49.000, 37.000, 36.000, 33.000, 33.000
15:26:44, 35.000, 33.000, 32.000, 42.000, 49.000, 37.000, 36.000, 33.000, 33.000
15:26:45, 38.000, 35.000, 32.000, 42.000, 49.000, 37.000, 36.000, 33.000, 33.000
15:26:46, 38.000, 35.000, 32.000, 42.000, 49.000, 37.000, 36.000, 33.000, 33.000
15:26:47, 38.000, 35.000, 32.000, 42.000, 49.000, 37.000, 36.000, 33.000, 33.000
15:26:48, 39.000, 35.000, 32.000, 42.000, 49.000, 37.000, 36.000, 33.000, 33.000
15:26:49, 39.000, 36.000, 32.000, 42.000, 49.000, 37.000, 36.000, 33.000, 33.000
15:26:50, 39.000, 36.000, 32.000, 42.000, 49.000, 37.000, 36.000, 33.000, 33.000
15:26:51, 39.000, 36.000, 32.000, 42.000, 49.000, 37.000, 37.000, 34.000, 33.000
15:26:52, 40.000, 36.000, 32.000, 42.000, 49.000, 37.000, 37.000, 34.000, 33.000
15:26:53, 39.000, 36.000, 32.000, 42.000, 49.000, 37.000, 37.000, 34.000, 33.000
15:26:54, 39.000, 36.000, 32.000, 42.000, 49.000, 38.000, 37.000, 34.000, 33.000
15:26:55, 39.000, 35.000, 32.000, 42.000, 49.000, 38.000, 37.000, 34.000, 33.000
15:26:56, 38.000, 35.000, 32.000, 42.000, 49.000, 38.000, 37.000, 34.000, 33.000
15:26:57, 36.000, 32.000, 32.000, 42.000, 49.000, 38.000, 37.000, 34.000, 33.000
15:26:58, 37.000, 33.000, 32.000, 42.000, 49.000, 37.000, 37.000, 34.000, 33.000
15:26:59, 37.000, 33.000, 32.000, 42.000, 49.000, 37.000, 37.000, 34.000, 33.000
15:27:00, 36.000, 33.000, 32.000, 42.000, 50.000, 37.000, 37.000, 34.000, 33.000
15:27:01, 39.000, 35.000, 32.000, 42.000, 50.000, 37.000, 37.000, 34.000, 33.000
15:27:02, 38.000, 34.000, 32.000, 42.000, 50.000, 38.000, 37.000, 33.000, 33.000
15:27:03, 38.000, 34.000, 32.000, 42.000, 50.000, 38.000, 37.000, 33.000, 33.000
15:27:04, 36.000, 33.000, 32.000, 42.000, 49.000, 38.000, 37.000, 33.000, 33.000
15:27:05, 36.000, 32.000, 32.000, 42.000, 49.000, 38.000, 37.000, 33.000, 33.000
15:27:06, 36.000, 33.000, 32.000, 42.000, 49.000, 37.000, 37.000, 34.000, 33.000
15:27:07, 36.000, 33.000, 32.000, 42.000, 49.000, 37.000, 37.000, 34.000, 33.000
15:27:08, 38.000, 35.000, 32.000, 42.000, 49.000, 37.000, 37.000, 34.000, 33.000
15:27:09, 36.000, 32.000, 32.000, 42.000, 49.000, 37.000, 37.000, 34.000, 33.000
15:27:10, 36.000, 33.000, 32.000, 42.000, 49.000, 38.000, 37.000, 33.000, 33.000
15:27:11, 36.000, 33.000, 32.000, 42.000, 49.000, 38.000, 37.000, 33.000, 33.000
15:27:13, 36.000, 33.000, 32.000, 42.000, 49.000, 38.000, 37.000, 33.000, 33.000
15:27:14, 36.000, 32.000, 32.000, 42.000, 49.000, 38.000, 37.000, 33.000, 33.000
15:27:14, 39.000, 36.000, 32.000, 42.000, 49.000, 37.000, 37.000, 33.000, 33.000
15:27:15, 36.000, 33.000, 32.000, 42.000, 49.000, 37.000, 37.000, 33.000, 33.000
15:27:16, 36.000, 33.000, 32.000, 42.000, 49.000, 37.000, 37.000, 33.000, 33.000
15:27:17, 36.000, 33.000, 32.000, 42.000, 49.000, 37.000, 37.000, 33.000, 33.000
15:27:19, 37.000, 32.000, 32.000, 42.000, 49.000, 37.000, 36.000, 33.000, 33.000
15:27:20, 36.000, 33.000, 32.000, 42.000, 49.000, 37.000, 36.000, 33.000, 33.000
15:27:21, 36.000, 33.000, 32.000, 42.000, 49.000, 37.000, 36.000, 33.000, 33.000
15:27:22, 38.000, 33.000, 32.000, 42.000, 49.000, 37.000, 36.000, 33.000, 33.000
15:27:23, 37.000, 33.000, 32.000, 42.000, 49.000, 37.000, 36.000, 33.000, 33.000
15:27:24, 36.000, 32.000, 32.000, 42.000, 49.000, 37.000, 36.000, 33.000, 33.000
15:27:25, 36.000, 32.000, 32.000, 42.000, 49.000, 37.000, 36.000, 33.000, 33.000
15:27:26, 35.000, 32.000, 32.000, 42.000, 49.000, 37.000, 36.000, 33.000, 33.000
15:27:27, 38.000, 35.000, 32.000, 42.000, 49.000, 37.000, 36.000, 33.000, 33.000
15:27:28, 37.000, 33.000, 32.000, 42.000, 49.000, 37.000, 36.000, 33.000, 33.000
15:27:29, 36.000, 32.000, 32.000, 42.000, 49.000, 37.000, 36.000, 33.000, 33.000
15:27:30, 36.000, 32.000, 32.000, 42.000, 49.000, 37.000, 36.000, 33.000, 33.000
15:27:31, 37.000, 33.000, 32.000, 42.000, 49.000, 37.000, 37.000, 33.000, 33.000
15:27:32, 36.000, 33.000, 32.000, 42.000, 49.000, 37.000, 37.000, 33.000, 33.000
15:27:33, 38.000, 35.000, 32.000, 42.000, 49.000, 37.000, 37.000, 33.000, 33.000
15:27:34, 38.000, 35.000, 32.000, 42.000, 49.000, 37.000, 37.000, 33.000, 33.000
15:27:35, 39.000, 35.000, 32.000, 42.000, 49.000, 37.000, 36.000, 33.000, 33.000
15:27:36, 36.000, 33.000, 32.000, 42.000, 49.000, 37.000, 36.000, 33.000, 33.000
15:27:37, 36.000, 32.000, 32.000, 42.000, 49.000, 37.000, 36.000, 33.000, 33.000
15:27:38, 36.000, 32.000, 32.000, 42.000, 49.000, 37.000, 36.000, 33.000, 33.000
15:27:39, 37.000, 33.000, 32.000, 42.000, 49.000, 37.000, 36.000, 33.000, 33.000
