15:26:39, 7650.000, 7275.000, 7575.000
15:26:40, 7800.000, 7425.000, 7575.000
15:26:41, 7800.000, 7425.000, 7575.000
15:26:42, 7800.000, 7425.000, 7575.000
15:26:43, 7650.000, 7350.000, 7575.000
15:26:44, 7800.000, 7350.000, 7650.000
15:26:45, 7650.000, 7350.000, 7500.000
15:26:46, 7650.000, 7350.000, 7500.000
15:26:47, 7650.000, 7425.000, 7575.000
15:26:48, 7650.000, 7425.000, 7575.000
15:26:49, 7650.000, 7350.000, 7650.000
15:26:50, 7650.000, 7350.000, 7650.000
15:26:51, 7650.000, 7350.000, 7500.000
15:26:52, 7650.000, 7350.000, 7500.000
15:26:53, 7650.000, 7350.000, 7575.000
15:26:54, 7575.000, 7275.000, 7650.000
15:26:55, 7575.000, 7275.000, 7650.000
15:26:56, 7650.000, 7500.000, 7650.000
15:26:57, 7650.000, 7350.000, 7500.000
15:26:58, 7800.000, 7350.000, 7500.000
15:26:59, 7800.000, 7350.000, 7650.000
15:27:00, 7800.000, 7350.000, 7650.000
15:27:01, 7800.000, 7350.000, 7500.000
15:27:02, 7650.000, 7350.000, 7650.000
15:27:03, 7800.000, 7350.000, 7575.000
15:27:04, 7800.000, 7350.000, 7575.000
15:27:05, 7800.000, 7350.000, 7575.000
15:27:06, 7800.000, 7350.000, 7575.000
15:27:07, 7800.000, 7275.000, 7650.000
15:27:08, 7800.000, 7275.000, 7650.000
15:27:09, 7650.000, 7500.000, 7575.000
15:27:10, 7650.000, 7425.000, 7575.000
15:27:11, 7650.000, 7425.000, 7575.000
15:27:12, 7650.000, 7425.000, 7650.000
15:27:13, 7650.000, 7425.000, 7650.000
15:27:14, 7575.000, 7425.000, 7575.000
15:27:15, 7800.000, 7500.000, 7650.000
15:27:16, 7650.000, 7275.000, 7500.000
15:27:17, 7650.000, 7275.000, 7500.000
15:27:18, 7800.000, 7275.000, 7500.000
15:27:20, 7800.000, 7275.000, 7650.000
15:27:21, 7800.000, 7350.000, 7575.000
15:27:22, 7800.000, 7350.000, 7575.000
15:27:23, 7800.000, 7500.000, 7575.000
15:27:23, 7800.000, 7425.000, 7650.000
15:27:25, 7800.000, 7425.000, 7650.000
15:27:26, 7800.000, 7425.000, 7650.000
15:27:27, 7800.000, 7500.000, 7575.000
15:27:28, 7650.000, 7425.000, 7650.000
15:27:29, 7650.000, 7350.000, 7575.000
15:27:30, 7650.000, 7350.000, 7575.000
15:27:31, 7650.000, 7350.000, 7500.000
15:27:32, 7575.000, 7350.000, 7500.000
15:27:33, 7575.000, 7500.000, 7575.000
15:27:34, 7650.000, 7350.000, 7575.000
15:27:35, 7650.000, 7350.000, 7575.000
15:27:36, 7650.000, 7350.000, 7575.000
15:27:37, 7650.000, 7500.000, 7500.000
15:27:38, 7650.000, 7500.000, 7500.000
15:27:39, 7650.000, 7500.000, 7500.000
