15:26:39, 35.000, 34.000, 37.000, 29.000, 37.000, 29.000, 32.000, 30.000, 32.000, 33.000, 32.000, 28.000, 28.000, 30.000, 30.000, 31.000, 31.000, 30.000, 29.000
15:26:40, 35.000, 34.000, 37.000, 29.000, 37.000, 29.000, 32.000, 30.000, 33.000, 33.000, 32.000, 28.000, 28.000, 30.000, 30.000, 31.000, 31.000, 30.000, 29.000
15:26:41, 35.000, 34.000, 37.000, 29.000, 37.000, 29.000, 32.000, 30.000, 33.000, 33.000, 32.000, 28.000, 28.000, 30.000, 30.000, 31.000, 32.000, 30.000, 29.000
15:26:42, 35.000, 34.000, 37.000, 29.000, 37.000, 29.000, 32.000, 30.000, 33.000, 33.000, 32.000, 28.000, 28.000, 30.000, 30.000, 31.000, 32.000, 30.000, 29.000
15:26:43, 35.000, 34.000, 37.000, 29.000, 37.000, 29.000, 32.000, 30.000, 32.000, 33.000, 32.000, 28.000, 28.000, 30.000, 30.000, 31.000, 32.000, 30.000, 29.000
15:26:44, 35.000, 34.000, 37.000, 29.000, 37.000, 29.000, 32.000, 30.000, 32.000, 33.000, 32.000, 28.000, 28.000, 30.000, 30.000, 31.000, 32.000, 30.000, 29.000
15:26:45, 35.000, 34.000, 37.000, 29.000, 37.000, 29.000, 32.000, 30.000, 32.000, 33.000, 32.000, 28.000, 28.000, 30.000, 30.000, 31.000, 32.000, 30.000, 29.000
15:26:46, 35.000, 34.000, 37.000, 28.000, 37.000, 29.000, 32.000, 31.000, 32.000, 34.000, 32.000, 28.000, 28.000, 30.000, 30.000, 31.000, 32.000, 30.000, 29.000
15:26:47, 35.000, 34.000, 37.000, 28.000, 37.000, 29.000, 32.000, 31.000, 32.000, 34.000, 32.000, 28.000, 28.000, 30.000, 30.000, 31.000, 32.000, 30.000, 30.000
15:26:48, 35.000, 34.000, 37.000, 28.000, 37.000, 29.000, 32.000, 31.000, 32.000, 34.000, 32.000, 28.000, 28.000, 30.000, 30.000, 31.000, 32.000, 30.000, 30.000
15:26:49, 34.000, 32.000, 37.000, 29.000, 37.000, 29.000, 32.000, 31.000, 33.000, 34.000, 32.000, 28.000, 28.000, 30.000, 30.000, 31.000, 32.000, 30.000, 30.000
15:26:50, 34.000, 33.000, 37.000, 29.000, 37.000, 29.000, 32.000, 31.000, 33.000, 34.000, 32.000, 28.000, 28.000, 30.000, 30.000, 31.000, 32.000, 30.000, 30.000
15:26:51, 34.000, 32.000, 37.000, 29.000, 37.000, 29.000, 32.000, 31.000, 33.000, 34.000, 32.000, 28.000, 28.000, 30.000, 30.000, 31.000, 32.000, 30.000, 30.000
15:26:52, 34.000, 32.000, 37.000, 29.000, 37.000, 29.000, 32.000, 31.000, 33.000, 33.000, 32.000, 28.000, 28.000, 30.000, 30.000, 31.000, 32.000, 30.000, 30.000
15:26:53, 34.000, 33.000, 37.000, 29.000, 37.000, 29.000, 32.000, 31.000, 33.000, 33.000, 32.000, 28.000, 28.000, 30.000, 30.000, 31.000, 32.000, 30.000, 30.000
15:26:54, 34.000, 33.000, 37.000, 29.000, 37.000, 29.000, 32.000, 31.000, 33.000, 33.000, 32.000, 28.000, 28.000, 30.000, 30.000, 31.000, 32.000, 30.000, 30.000
15:26:55, 34.000, 32.000, 37.000, 29.000, 37.000, 29.000, 32.000, 31.000, 32.000, 34.000, 32.000, 28.000, 28.000, 30.000, 30.000, 31.000, 32.000, 30.000, 30.000
15:26:56, 34.000, 32.000, 37.000, 29.000, 37.000, 29.000, 32.000, 31.000, 32.000, 34.000, 32.000, 28.000, 28.000, 30.000, 30.000, 31.000, 32.000, 30.000, 30.000
15:26:57, 34.000, 32.000, 37.000, 29.000, 37.000, 29.000, 32.000, 31.000, 32.000, 34.000, 32.000, 28.000, 28.000, 30.000, 30.000, 31.000, 32.000, 30.000, 30.000
15:26:58, 34.000, 33.000, 37.000, 29.000, 37.000, 29.000, 32.000, 30.000, 33.000, 33.000, 32.000, 28.000, 28.000, 30.000, 30.000, 31.000, 31.000, 29.000, 29.000
15:26:59, 34.000, 34.000, 37.000, 29.000, 37.000, 29.000, 32.000, 30.000, 33.000, 33.000, 32.000, 28.000, 28.000, 30.000, 30.000, 31.000, 31.000, 29.000, 29.000
15:27:00, 34.000, 34.000, 37.000, 29.000, 37.000, 29.000, 32.000, 30.000, 33.000, 33.000, 32.000, 28.000, 28.000, 30.000, 30.000, 31.000, 31.000, 29.000, 29.000
15:27:01, 34.000, 34.000, 37.000, 29.000, 37.000, 29.000, 32.000, 30.000, 33.000, 33.000, 32.000, 28.000, 28.000, 30.000, 30.000, 31.000, 31.000, 29.000, 29.000
15:27:02, 34.000, 34.000, 37.000, 29.000, 37.000, 29.000, 32.000, 30.000, 33.000, 33.000, 32.000, 28.000, 28.000, 30.000, 30.000, 31.000, 31.000, 29.000, 29.000
15:27:03, 34.000, 34.000, 37.000, 29.000, 37.000, 29.000, 32.000, 30.000, 33.000, 33.000, 32.000, 28.000, 28.000, 30.000, 30.000, 31.000, 31.000, 29.000, 29.000
15:27:04, 34.000, 34.000, 37.000, 29.000, 37.000, 29.000, 32.000, 30.000, 33.000, 33.000, 32.000, 28.000, 28.000, 30.000, 30.000, 31.000, 31.000, 29.000, 29.000
15:27:05, 34.000, 34.000, 37.000, 29.000, 37.000, 29.000, 32.000, 30.000, 33.000, 33.000, 32.000, 28.000, 28.000, 30.000, 30.000, 31.000, 31.000, 29.000, 29.000
15:27:07, 34.000, 34.000, 37.000, 28.000, 37.000, 29.000, 32.000, 30.000, 33.000, 33.000, 32.000, 28.000, 28.000, 30.000, 30.000, 31.000, 31.000, 29.000, 29.000
15:27:07, 34.000, 34.000, 37.000, 28.000, 37.000, 29.000, 32.000, 31.000, 33.000, 33.000, 32.000, 28.000, 28.000, 30.000, 30.000, 31.000, 31.000, 29.000, 29.000
15:27:08, 34.000, 34.000, 37.000, 28.000, 37.000, 29.000, 32.000, 31.000, 33.000, 33.000, 32.000, 28.000, 28.000, 30.000, 30.000, 31.000, 31.000, 29.000, 29.000
15:27:09, 34.000, 34.000, 37.000, 29.000, 37.000, 29.000, 32.000, 31.000, 33.000, 33.000, 32.000, 28.000, 28.000, 30.000, 30.000, 31.000, 31.000, 29.000, 29.000
15:27:10, 34.000, 34.000, 37.000, 29.000, 37.000, 29.000, 32.000, 30.000, 32.000, 33.000, 32.000, 28.000, 28.000, 30.000, 30.000, 31.000, 31.000, 29.000, 29.000
15:27:12, 34.000, 34.000, 37.000, 29.000, 37.000, 29.000, 32.000, 30.000, 32.000, 33.000, 32.000, 28.000, 28.000, 30.000, 30.000, 31.000, 31.000, 30.000, 29.000
15:27:13, 34.000, 33.000, 37.000, 28.000, 37.000, 29.000, 32.000, 30.000, 32.000, 33.000, 32.000, 28.000, 28.000, 30.000, 30.000, 31.000, 31.000, 30.000, 29.000
15:27:14, 34.000, 34.000, 37.000, 28.000, 37.000, 29.000, 32.000, 31.000, 33.000, 33.000, 32.000, 28.000, 28.000, 30.000, 30.000, 31.000, 31.000, 30.000, 29.000
15:27:15, 34.000, 34.000, 37.000, 28.000, 37.000, 29.000, 32.000, 31.000, 33.000, 33.000, 32.000, 28.000, 28.000, 30.000, 30.000, 31.000, 31.000, 30.000, 29.000
15:27:16, 34.000, 34.000, 37.000, 28.000, 37.000, 29.000, 32.000, 31.000, 33.000, 33.000, 32.000, 28.000, 28.000, 30.000, 30.000, 31.000, 31.000, 30.000, 29.000
15:27:17, 34.000, 34.000, 37.000, 28.000, 37.000, 29.000, 32.000, 30.000, 33.000, 33.000, 32.000, 28.000, 28.000, 30.000, 30.000, 31.000, 31.000, 30.000, 29.000
15:27:18, 34.000, 34.000, 37.000, 28.000, 37.000, 29.000, 32.000, 30.000, 33.000, 33.000, 32.000, 28.000, 28.000, 30.000, 30.000, 31.000, 31.000, 30.000, 29.000
15:27:19, 34.000, 34.000, 37.000, 29.000, 37.000, 29.000, 32.000, 30.000, 33.000, 33.000, 32.000, 28.000, 28.000, 30.000, 30.000, 31.000, 31.000, 30.000, 29.000
15:27:20, 34.000, 34.000, 37.000, 29.000, 37.000, 29.000, 32.000, 31.000, 33.000, 34.000, 32.000, 28.000, 28.000, 30.000, 30.000, 31.000, 31.000, 30.000, 29.000
15:27:21, 34.000, 34.000, 37.000, 29.000, 37.000, 29.000, 32.000, 31.000, 33.000, 34.000, 32.000, 28.000, 28.000, 30.000, 30.000, 31.000, 31.000, 30.000, 29.000
15:27:22, 34.000, 33.000, 37.000, 29.000, 37.000, 29.000, 32.000, 31.000, 33.000, 34.000, 32.000, 28.000, 28.000, 30.000, 30.000, 31.000, 31.000, 30.000, 29.000
15:27:23, 34.000, 33.000, 37.000, 29.000, 37.000, 29.000, 32.000, 30.000, 32.000, 33.000, 32.000, 28.000, 28.000, 30.000, 30.000, 31.000, 31.000, 30.000, 29.000
15:27:24, 34.000, 33.000, 37.000, 29.000, 37.000, 29.000, 32.000, 30.000, 32.000, 33.000, 32.000, 28.000, 28.000, 30.000, 30.000, 31.000, 31.000, 30.000, 29.000
15:27:25, 34.000, 33.000, 37.000, 28.000, 37.000, 29.000, 32.000, 30.000, 32.000, 33.000, 32.000, 28.000, 28.000, 30.000, 30.000, 31.000, 31.000, 30.000, 29.000
15:27:26, 34.000, 33.000, 37.000, 28.000, 37.000, 29.000, 32.000, 30.000, 33.000, 33.000, 32.000, 28.000, 28.000, 30.000, 30.000, 31.000, 31.000, 30.000, 29.000
15:27:27, 34.000, 33.000, 37.000, 28.000, 37.000, 29.000, 32.000, 30.000, 33.000, 33.000, 32.000, 28.000, 28.000, 30.000, 30.000, 31.000, 31.000, 29.000, 29.000
15:27:28, 34.000, 33.000, 37.000, 28.000, 37.000, 29.000, 32.000, 30.000, 33.000, 33.000, 32.000, 28.000, 28.000, 30.000, 30.000, 31.000, 31.000, 29.000, 29.000
15:27:29, 34.000, 33.000, 37.000, 28.000, 37.000, 29.000, 32.000, 30.000, 33.000, 33.000, 32.000, 28.000, 28.000, 30.000, 30.000, 31.000, 31.000, 30.000, 29.000
15:27:30, 34.000, 33.000, 37.000, 28.000, 37.000, 29.000, 32.000, 30.000, 33.000, 33.000, 32.000, 28.000, 28.000, 30.000, 30.000, 31.000, 31.000, 30.000, 29.000
15:27:31, 34.000, 33.000, 37.000, 29.000, 37.000, 29.000, 32.000, 30.000, 33.000, 33.000, 32.000, 28.000, 28.000, 30.000, 30.000, 31.000, 31.000, 30.000, 29.000
15:27:32, 34.000, 33.000, 37.000, 29.000, 37.000, 29.000, 32.000, 30.000, 33.000, 34.000, 32.000, 28.000, 28.000, 30.000, 30.000, 31.000, 31.000, 29.000, 29.000
15:27:33, 34.000, 33.000, 37.000, 29.000, 37.000, 29.000, 32.000, 30.000, 33.000, 34.000, 32.000, 28.000, 28.000, 30.000, 30.000, 31.000, 31.000, 29.000, 29.000
15:27:34, 34.000, 33.000, 37.000, 28.000, 37.000, 29.000, 32.000, 30.000, 33.000, 33.000, 32.000, 28.000, 28.000, 30.000, 30.000, 31.000, 31.000, 29.000, 29.000
15:27:35, 34.000, 33.000, 37.000, 28.000, 37.000, 29.000, 32.000, 30.000, 33.000, 33.000, 32.000, 28.000, 28.000, 30.000, 30.000, 31.000, 31.000, 30.000, 29.000
15:27:36, 34.000, 33.000, 37.000, 28.000, 37.000, 29.000, 32.000, 30.000, 33.000, 33.000, 32.000, 28.000, 28.000, 30.000, 30.000, 31.000, 31.000, 30.000, 29.000
15:27:37, 34.000, 33.000, 37.000, 29.000, 36.000, 29.000, 32.000, 30.000, 33.000, 33.000, 32.000, 28.000, 28.000, 30.000, 30.000, 31.000, 31.000, 30.000, 29.000
15:27:38, 34.000, 33.000, 37.000, 29.000, 36.000, 29.000, 32.000, 30.000, 33.000, 33.000, 32.000, 28.000, 28.000, 30.000, 30.000, 31.000, 31.000, 29.000, 29.000
15:27:39, 34.000, 33.000, 37.000, 29.000, 36.000, 29.000, 32.000, 30.000, 33.000, 33.000, 32.000, 28.000, 28.000, 30.000, 30.000, 31.000, 31.000, 29.000, 29.000
