15:26:39, 5775.000, 5850.000, 5550.000, 5925.000, 9225.000, 8925.000
15:26:40, 5775.000, 5925.000, 5625.000, 6150.000, 9150.000, 9000.000
15:26:41, 5700.000, 5850.000, 5550.000, 6075.000, 9150.000, 9000.000
15:26:42, 5775.000, 5775.000, 5625.000, 6000.000, 9150.000, 8925.000
15:26:43, 5775.000, 5775.000, 5625.000, 6000.000, 9150.000, 8925.000
15:26:44, 5850.000, 5850.000, 5550.000, 6150.000, 9225.000, 8925.000
15:26:45, 5775.000, 5925.000, 5625.000, 6000.000, 9225.000, 8925.000
15:26:46, 5700.000, 5850.000, 5625.000, 6075.000, 9150.000, 8925.000
15:26:47, 5700.000, 5850.000, 5625.000, 6075.000, 9150.000, 8925.000
15:26:48, 5775.000, 5850.000, 5625.000, 6000.000, 9150.000, 8925.000
15:26:49, 5775.000, 5850.000, 5550.000, 6075.000, 9225.000, 8850.000
15:26:50, 5700.000, 5925.000, 5550.000, 6000.000, 9150.000, 8925.000
15:26:51, 5700.000, 5925.000, 5550.000, 6000.000, 9225.000, 9000.000
15:26:52, 5700.000, 6000.000, 5625.000, 6000.000, 9225.000, 9000.000
15:26:53, 5775.000, 5850.000, 5550.000, 6150.000, 9150.000, 8925.000
15:26:54, 5775.000, 6000.000, 5625.000, 6000.000, 9150.000, 9000.000
15:26:55, 5775.000, 6000.000, 5625.000, 6000.000, 9150.000, 9000.000
15:26:56, 5775.000, 5775.000, 5625.000, 6075.000, 9150.000, 8925.000
15:26:57, 5775.000, 5775.000, 5625.000, 6075.000, 9150.000, 8925.000
15:26:58, 5775.000, 5925.000, 5550.000, 5925.000, 9150.000, 9000.000
15:26:59, 5700.000, 6000.000, 5625.000, 6000.000, 9150.000, 8925.000
15:27:00, 5700.000, 5775.000, 5550.000, 6075.000, 9225.000, 8850.000
15:27:01, 5700.000, 5775.000, 5550.000, 6075.000, 9225.000, 8850.000
15:27:02, 5700.000, 5925.000, 5625.000, 6000.000, 9300.000, 8850.000
15:27:03, 5775.000, 5850.000, 5625.000, 6000.000, 9225.000, 9000.000
15:27:04, 5775.000, 6000.000, 5550.000, 6075.000, 9225.000, 9000.000
15:27:05, 5850.000, 5775.000, 5625.000, 6150.000, 9150.000, 8925.000
15:27:06, 5850.000, 5775.000, 5625.000, 6150.000, 9150.000, 8925.000
15:27:07, 5700.000, 6000.000, 5625.000, 6075.000, 9225.000, 9000.000
15:27:08, 5775.000, 5775.000, 5625.000, 6000.000, 9150.000, 8850.000
15:27:09, 5775.000, 5775.000, 5625.000, 6000.000, 9150.000, 8850.000
15:27:10, 5700.000, 6000.000, 5550.000, 6075.000, 9225.000, 8850.000
15:27:11, 5775.000, 5775.000, 5625.000, 5925.000, 9225.000, 8850.000
15:27:13, 5775.000, 5925.000, 5625.000, 6075.000, 9150.000, 9000.000
15:27:13, 5700.000, 6000.000, 5625.000, 6075.000, 9150.000, 9000.000
15:27:15, 5700.000, 6000.000, 5625.000, 6075.000, 9150.000, 9000.000
15:27:15, 5775.000, 5775.000, 5550.000, 6000.000, 9225.000, 8925.000
15:27:16, 5775.000, 5925.000, 5550.000, 6150.000, 9225.000, 9000.000
15:27:18, 5775.000, 5925.000, 5550.000, 6150.000, 9225.000, 9000.000
15:27:19, 5700.000, 5775.000, 5550.000, 6000.000, 9150.000, 8925.000
15:27:20, 5700.000, 5775.000, 5625.000, 5925.000, 9225.000, 8925.000
15:27:21, 5700.000, 6000.000, 5550.000, 6150.000, 9150.000, 9000.000
15:27:22, 5700.000, 6000.000, 5550.000, 6150.000, 9150.000, 9000.000
15:27:23, 5700.000, 5925.000, 5625.000, 6075.000, 9225.000, 8850.000
15:27:24, 5700.000, 5850.000, 5625.000, 5925.000, 9150.000, 9000.000
15:27:25, 5700.000, 6000.000, 5625.000, 6150.000, 9225.000, 8925.000
15:27:26, 5700.000, 6000.000, 5625.000, 6150.000, 9225.000, 8925.000
15:27:27, 5700.000, 5850.000, 5550.000, 5925.000, 9150.000, 8925.000
15:27:28, 5700.000, 6000.000, 5625.000, 6000.000, 9075.000, 8850.000
15:27:29, 5700.000, 5775.000, 5550.000, 6150.000, 9075.000, 8925.000
15:27:30, 5700.000, 5775.000, 5550.000, 6150.000, 9225.000, 8850.000
15:27:31, 5700.000, 5775.000, 5550.000, 6000.000, 9225.000, 8850.000
15:27:32, 5700.000, 6000.000, 5625.000, 6150.000, 9150.000, 8850.000
15:27:33, 5775.000, 5850.000, 5550.000, 6075.000, 9150.000, 8850.000
15:27:34, 5700.000, 5850.000, 5625.000, 6000.000, 9225.000, 8925.000
15:27:35, 5700.000, 5850.000, 5625.000, 6000.000, 9225.000, 8925.000
15:27:36, 5700.000, 6000.000, 5625.000, 6075.000, 9150.000, 8925.000
15:27:37, 5700.000, 5775.000, 5625.000, 6150.000, 9225.000, 8925.000
15:27:38, 5775.000, 5925.000, 5550.000, 6000.000, 9075.000, 8925.000
15:27:39, 5775.000, 5925.000, 5550.000, 6000.000, 9075.000, 8925.000
