15:26:39, 26.000, 37.000, 46.000
15:26:40, 26.000, 37.000, 46.000
15:26:41, 26.000, 37.000, 46.000
15:26:42, 26.000, 37.000, 46.000
15:26:43, 26.000, 37.000, 46.000
15:26:44, 26.000, 37.000, 46.000
15:26:45, 26.000, 37.000, 46.000
15:26:46, 26.000, 37.000, 46.000
15:26:47, 26.000, 37.000, 46.000
15:26:48, 26.000, 37.000, 46.000
15:26:49, 26.000, 37.000, 46.000
15:26:50, 26.000, 37.000, 46.000
15:26:51, 26.000, 37.000, 46.000
15:26:52, 26.000, 37.000, 46.000
15:26:53, 26.000, 37.000, 46.000
15:26:54, 26.000, 37.000, 46.000
15:26:55, 26.000, 37.000, 46.000
15:26:56, 26.000, 37.000, 46.000
15:26:57, 26.000, 37.000, 46.000
15:26:58, 26.000, 37.000, 46.000
15:26:59, 26.000, 37.000, 46.000
15:27:00, 26.000, 37.000, 46.000
15:27:01, 26.000, 37.000, 46.000
15:27:02, 26.000, 37.000, 46.000
15:27:03, 26.000, 37.000, 46.000
15:27:04, 26.000, 37.000, 46.000
15:27:05, 26.000, 37.000, 46.000
15:27:06, 26.000, 37.000, 46.000
15:27:07, 26.000, 37.000, 46.000
15:27:08, 26.000, 37.000, 46.000
15:27:09, 26.000, 37.000, 46.000
15:27:10, 26.000, 37.000, 46.000
15:27:11, 26.000, 37.000, 46.000
15:27:13, 26.000, 37.000, 46.000
15:27:13, 26.000, 37.000, 46.000
15:27:15, 26.000, 37.000, 46.000
15:27:15, 26.000, 37.000, 46.000
15:27:16, 26.000, 37.000, 46.000
15:27:18, 26.000, 37.000, 46.000
15:27:19, 26.000, 37.000, 46.000
15:27:20, 26.000, 37.000, 46.000
15:27:21, 26.000, 37.000, 46.000
15:27:22, 26.000, 37.000, 46.000
15:27:23, 26.000, 37.000, 46.000
15:27:24, 26.000, 37.000, 46.000
15:27:25, 26.000, 37.000, 46.000
15:27:26, 26.000, 37.000, 46.000
15:27:27, 26.000, 37.000, 46.000
15:27:28, 26.000, 37.000, 46.000
15:27:29, 26.000, 37.000, 46.000
15:27:30, 26.000, 37.000, 46.000
15:27:31, 26.000, 37.000, 46.000
15:27:32, 26.000, 37.000, 46.000
15:27:33, 26.000, 37.000, 46.000
15:27:34, 26.000, 37.000, 46.000
15:27:35, 26.000, 37.000, 46.000
15:27:36, 26.000, 37.000, 46.000
15:27:37, 26.000, 37.000, 46.000
15:27:38, 26.000, 37.000, 46.000
15:27:39, 26.000, 37.000, 46.000
