15:26:39, 7200.000, 6825.000, 7125.000
15:26:40, 7200.000, 6825.000, 7125.000
15:26:41, 7200.000, 6825.000, 6975.000
15:26:42, 7125.000, 6825.000, 7125.000
15:26:43, 7125.000, 6825.000, 6975.000
15:26:44, 7200.000, 6825.000, 6975.000
15:26:45, 7200.000, 6825.000, 6975.000
15:26:46, 7200.000, 6900.000, 7125.000
15:26:47, 7125.000, 6825.000, 6975.000
15:26:48, 7125.000, 6825.000, 6975.000
15:26:49, 7200.000, 6825.000, 7125.000
15:26:50, 7125.000, 6825.000, 6975.000
15:26:51, 7200.000, 6825.000, 6975.000
15:26:52, 7200.000, 6825.000, 6975.000
15:26:53, 7200.000, 6825.000, 6975.000
15:26:54, 7200.000, 6750.000, 7125.000
15:26:55, 7125.000, 6825.000, 7125.000
15:26:56, 7125.000, 6825.000, 6975.000
15:26:57, 7125.000, 6825.000, 6975.000
15:26:58, 7200.000, 6825.000, 7125.000
15:26:59, 7200.000, 6825.000, 7125.000
15:27:00, 7200.000, 6825.000, 7125.000
15:27:01, 7200.000, 6825.000, 7125.000
15:27:02, 7200.000, 6825.000, 6975.000
15:27:03, 7200.000, 6750.000, 6975.000
15:27:04, 7200.000, 6750.000, 6975.000
15:27:05, 7200.000, 6750.000, 7125.000
15:27:06, 7200.000, 6750.000, 7125.000
15:27:07, 7200.000, 6900.000, 7125.000
15:27:08, 7125.000, 6750.000, 6975.000
15:27:09, 7125.000, 6750.000, 6975.000
15:27:10, 7200.000, 6825.000, 7125.000
15:27:11, 7125.000, 6825.000, 6975.000
15:27:12, 7125.000, 6825.000, 6975.000
15:27:13, 7200.000, 6825.000, 6975.000
15:27:14, 7200.000, 6825.000, 6975.000
15:27:15, 7200.000, 6750.000, 7125.000
15:27:16, 7125.000, 6825.000, 7125.000
15:27:17, 7125.000, 6825.000, 7125.000
15:27:18, 7125.000, 6825.000, 7125.000
15:27:20, 7125.000, 6825.000, 7125.000
15:27:21, 7125.000, 6825.000, 6975.000
15:27:22, 7200.000, 6825.000, 7125.000
15:27:23, 7125.000, 6825.000, 6975.000
15:27:23, 7125.000, 6825.000, 6975.000
15:27:24, 7200.000, 6825.000, 6975.000
15:27:26, 7200.000, 6825.000, 6975.000
15:27:27, 7200.000, 6825.000, 6975.000
15:27:28, 7200.000, 6825.000, 7125.000
15:27:29, 7200.000, 6825.000, 7125.000
15:27:30, 7125.000, 6825.000, 6975.000
15:27:31, 7200.000, 6825.000, 7125.000
15:27:32, 7200.000, 6825.000, 7125.000
15:27:33, 7200.000, 6825.000, 7125.000
15:27:34, 7200.000, 6825.000, 7125.000
15:27:35, 7125.000, 6750.000, 6975.000
15:27:36, 7200.000, 6825.000, 6975.000
15:27:37, 7200.000, 6825.000, 6975.000
15:27:38, 7200.000, 6825.000, 7125.000
15:27:39, 7200.000, 6825.000, 7125.000
