15:26:39, 43.000, 42.000, 31.000, 40.000, 47.000
15:26:40, 43.000, 42.000, 31.000, 40.000, 47.000
15:26:41, 44.000, 42.000, 31.000, 40.000, 47.000
15:26:42, 43.000, 42.000, 31.000, 40.000, 47.000
15:26:43, 44.000, 43.000, 31.000, 40.000, 47.000
15:26:44, 43.000, 41.000, 31.000, 40.000, 47.000
15:26:45, 43.000, 41.000, 31.000, 40.000, 47.000
15:26:46, 43.000, 41.000, 31.000, 40.000, 47.000
15:26:47, 44.000, 42.000, 31.000, 40.000, 47.000
15:26:48, 44.000, 42.000, 31.000, 40.000, 47.000
15:26:49, 43.000, 43.000, 31.000, 40.000, 47.000
15:26:50, 43.000, 42.000, 31.000, 40.000, 47.000
15:26:51, 44.000, 42.000, 31.000, 40.000, 47.000
15:26:52, 44.000, 42.000, 31.000, 40.000, 47.000
15:26:53, 44.000, 42.000, 31.000, 40.000, 47.000
15:26:54, 43.000, 43.000, 31.000, 40.000, 47.000
15:26:55, 43.000, 42.000, 31.000, 40.000, 47.000
15:26:56, 43.000, 41.000, 31.000, 40.000, 47.000
15:26:57, 43.000, 41.000, 31.000, 40.000, 47.000
15:26:58, 43.000, 43.000, 31.000, 40.000, 47.000
15:26:59, 43.000, 42.000, 31.000, 40.000, 47.000
15:27:00, 44.000, 41.000, 31.000, 40.000, 47.000
15:27:01, 44.000, 42.000, 31.000, 40.000, 47.000
15:27:02, 44.000, 42.000, 31.000, 40.000, 47.000
15:27:03, 44.000, 43.000, 31.000, 40.000, 47.000
15:27:04, 45.000, 42.000, 31.000, 40.000, 47.000
15:27:05, 44.000, 42.000, 31.000, 40.000, 47.000
15:27:06, 44.000, 42.000, 31.000, 40.000, 47.000
15:27:07, 44.000, 42.000, 31.000, 40.000, 47.000
15:27:08, 44.000, 41.000, 31.000, 40.000, 47.000
15:27:09, 44.000, 42.000, 31.000, 40.000, 47.000
15:27:10, 44.000, 42.000, 31.000, 40.000, 47.000
15:27:11, 44.000, 42.000, 31.000, 40.000, 47.000
15:27:12, 44.000, 42.000, 31.000, 40.000, 47.000
15:27:13, 43.000, 42.000, 31.000, 40.000, 47.000
15:27:14, 43.000, 42.000, 31.000, 40.000, 47.000
15:27:15, 43.000, 43.000, 31.000, 40.000, 47.000
15:27:16, 43.000, 43.000, 31.000, 40.000, 47.000
15:27:17, 43.000, 42.000, 31.000, 40.000, 47.000
15:27:18, 43.000, 42.000, 31.000, 40.000, 47.000
15:27:20, 43.000, 42.000, 31.000, 40.000, 47.000
15:27:21, 43.000, 43.000, 31.000, 40.000, 47.000
15:27:22, 44.000, 42.000, 31.000, 40.000, 47.000
15:27:23, 44.000, 42.000, 31.000, 40.000, 47.000
15:27:23, 44.000, 42.000, 31.000, 40.000, 47.000
15:27:24, 44.000, 41.000, 31.000, 40.000, 47.000
15:27:26, 44.000, 42.000, 31.000, 40.000, 47.000
15:27:27, 44.000, 42.000, 31.000, 40.000, 47.000
15:27:28, 43.000, 42.000, 31.000, 40.000, 47.000
15:27:29, 43.000, 42.000, 31.000, 40.000, 47.000
15:27:30, 43.000, 42.000, 31.000, 40.000, 47.000
15:27:31, 44.000, 43.000, 31.000, 40.000, 47.000
15:27:32, 44.000, 43.000, 31.000, 40.000, 47.000
15:27:33, 43.000, 41.000, 31.000, 40.000, 47.000
15:27:34, 44.000, 42.000, 31.000, 40.000, 47.000
15:27:35, 43.000, 42.000, 31.000, 40.000, 47.000
15:27:36, 44.000, 42.000, 31.000, 40.000, 47.000
15:27:37, 44.000, 42.000, 31.000, 40.000, 47.000
15:27:38, 44.000, 42.000, 31.000, 40.000, 47.000
15:27:39, 44.000, 42.000, 31.000, 40.000, 47.000
