15:26:39, 8325.000, 8025.000, 8400.000
15:26:40, 8325.000, 8025.000, 8400.000
15:26:41, 8175.000, 7950.000, 8325.000
15:26:42, 8100.000, 7950.000, 8325.000
15:26:43, 8100.000, 7950.000, 8325.000
15:26:44, 8100.000, 8025.000, 8325.000
15:26:45, 8175.000, 7950.000, 8475.000
15:26:46, 8625.000, 8325.000, 8775.000
15:26:47, 8625.000, 8325.000, 8775.000
15:26:48, 8475.000, 8475.000, 8925.000
15:26:49, 8475.000, 8475.000, 8925.000
15:26:50, 8475.000, 8325.000, 8775.000
15:26:51, 8550.000, 8325.000, 8775.000
15:26:52, 8775.000, 8400.000, 8775.000
15:26:53, 8775.000, 8400.000, 8775.000
15:26:54, 8925.000, 8700.000, 9000.000
15:26:55, 8775.000, 8700.000, 9000.000
15:26:56, 8775.000, 8700.000, 9000.000
15:26:57, 8775.000, 8550.000, 9000.000
15:26:58, 8925.000, 8550.000, 9150.000
15:26:59, 8775.000, 8700.000, 9225.000
15:27:00, 9000.000, 8550.000, 9000.000
15:27:01, 9000.000, 8550.000, 9000.000
15:27:02, 8775.000, 8550.000, 9000.000
15:27:03, 8775.000, 8550.000, 9225.000
15:27:04, 9000.000, 8700.000, 9000.000
15:27:05, 9000.000, 8700.000, 9000.000
15:27:06, 8775.000, 8550.000, 9075.000
15:27:07, 9000.000, 8625.000, 9225.000
15:27:08, 9000.000, 8625.000, 9225.000
15:27:09, 9000.000, 8625.000, 9225.000
15:27:10, 9000.000, 8700.000, 9000.000
15:27:11, 8700.000, 8475.000, 9000.000
15:27:12, 8625.000, 8475.000, 8850.000
15:27:13, 8625.000, 8400.000, 8925.000
15:27:14, 8625.000, 8400.000, 8925.000
15:27:15, 8775.000, 8550.000, 9000.000
15:27:16, 8775.000, 8550.000, 9000.000
15:27:17, 8625.000, 8625.000, 8850.000
15:27:19, 8625.000, 8625.000, 8850.000
15:27:20, 8550.000, 8325.000, 8700.000
15:27:21, 8475.000, 8325.000, 8700.000
15:27:22, 8475.000, 8325.000, 8700.000
15:27:23, 8475.000, 8325.000, 8700.000
15:27:23, 8475.000, 8325.000, 8850.000
15:27:24, 8475.000, 8325.000, 8775.000
15:27:26, 8700.000, 8400.000, 8700.000
15:27:27, 8700.000, 8475.000, 8700.000
15:27:28, 8700.000, 8475.000, 8700.000
15:27:29, 8475.000, 8475.000, 8700.000
15:27:30, 8475.000, 8475.000, 8775.000
15:27:31, 8475.000, 8475.000, 8775.000
15:27:32, 8550.000, 8475.000, 8700.000
15:27:33, 8700.000, 8475.000, 8700.000
15:27:34, 8700.000, 8325.000, 8700.000
15:27:35, 8700.000, 8325.000, 8700.000
15:27:36, 8550.000, 8325.000, 8700.000
15:27:37, 8550.000, 8325.000, 8700.000
15:27:38, 8550.000, 8325.000, 8700.000
15:27:39, 8550.000, 8325.000, 8700.000
