15:26:39, 47.000, 45.000, 31.000, 42.000, 49.000
15:26:40, 47.000, 45.000, 31.000, 42.000, 49.000
15:26:41, 46.000, 45.000, 31.000, 42.000, 49.000
15:26:42, 46.000, 45.000, 31.000, 42.000, 49.000
15:26:43, 50.000, 47.000, 31.000, 42.000, 49.000
15:26:44, 50.000, 47.000, 31.000, 42.000, 49.000
15:26:45, 51.000, 48.000, 31.000, 42.000, 49.000
15:26:46, 51.000, 49.000, 31.000, 42.000, 49.000
15:26:47, 49.000, 50.000, 31.000, 42.000, 49.000
15:26:48, 49.000, 50.000, 31.000, 42.000, 49.000
15:26:49, 48.000, 49.000, 31.000, 42.000, 49.000
15:26:50, 52.000, 50.000, 31.000, 42.000, 49.000
15:26:51, 52.000, 49.000, 31.000, 42.000, 49.000
15:26:52, 52.000, 49.000, 31.000, 42.000, 49.000
15:26:53, 53.000, 49.000, 31.000, 42.000, 49.000
15:26:54, 48.000, 51.000, 31.000, 42.000, 49.000
15:26:55, 47.000, 51.000, 31.000, 42.000, 49.000
15:26:56, 47.000, 51.000, 31.000, 42.000, 49.000
15:26:57, 52.000, 52.000, 31.000, 42.000, 49.000
15:26:58, 52.000, 51.000, 31.000, 42.000, 49.000
15:26:59, 51.000, 49.000, 31.000, 42.000, 49.000
15:27:00, 48.000, 51.000, 31.000, 42.000, 49.000
15:27:01, 48.000, 51.000, 31.000, 42.000, 49.000
15:27:02, 47.000, 52.000, 31.000, 42.000, 49.000
15:27:03, 49.000, 52.000, 32.000, 42.000, 49.000
15:27:04, 52.000, 51.000, 32.000, 42.000, 49.000
15:27:05, 52.000, 51.000, 32.000, 42.000, 49.000
15:27:06, 51.000, 50.000, 32.000, 42.000, 49.000
15:27:07, 50.000, 49.000, 32.000, 42.000, 49.000
15:27:08, 47.000, 49.000, 32.000, 42.000, 49.000
15:27:09, 47.000, 49.000, 32.000, 42.000, 49.000
15:27:10, 47.000, 49.000, 32.000, 42.000, 49.000
15:27:11, 50.000, 49.000, 32.000, 42.000, 49.000
15:27:12, 50.000, 49.000, 32.000, 42.000, 49.000
15:27:13, 50.000, 50.000, 32.000, 42.000, 49.000
15:27:14, 50.000, 50.000, 32.000, 42.000, 49.000
15:27:15, 48.000, 51.000, 32.000, 42.000, 49.000
15:27:16, 46.000, 49.000, 32.000, 42.000, 49.000
15:27:17, 47.000, 48.000, 32.000, 42.000, 49.000
15:27:19, 47.000, 48.000, 32.000, 42.000, 49.000
15:27:20, 49.000, 48.000, 32.000, 42.000, 49.000
15:27:21, 49.000, 50.000, 32.000, 42.000, 49.000
15:27:22, 48.000, 49.000, 32.000, 42.000, 49.000
15:27:23, 48.000, 49.000, 32.000, 42.000, 49.000
15:27:23, 47.000, 51.000, 32.000, 42.000, 49.000
15:27:24, 47.000, 49.000, 32.000, 42.000, 49.000
15:27:26, 50.000, 49.000, 32.000, 42.000, 49.000
15:27:27, 51.000, 48.000, 32.000, 42.000, 49.000
15:27:28, 51.000, 48.000, 32.000, 42.000, 49.000
15:27:29, 50.000, 47.000, 32.000, 42.000, 49.000
15:27:30, 47.000, 49.000, 32.000, 42.000, 49.000
15:27:31, 48.000, 51.000, 32.000, 42.000, 49.000
15:27:32, 48.000, 51.000, 32.000, 42.000, 49.000
15:27:33, 51.000, 50.000, 32.000, 42.000, 49.000
15:27:34, 49.000, 48.000, 32.000, 42.000, 49.000
15:27:35, 48.000, 46.000, 32.000, 42.000, 49.000
15:27:36, 48.000, 46.000, 32.000, 42.000, 49.000
15:27:37, 47.000, 47.000, 32.000, 42.000, 49.000
15:27:38, 46.000, 48.000, 32.000, 42.000, 49.000
15:27:39, 46.000, 48.000, 32.000, 42.000, 49.000
