15:26:39, 7000.000, 6900.000, 6900.000
15:26:40, 7000.000, 6900.000, 6900.000
15:26:41, 6900.000, 6900.000, 6900.000
15:26:42, 7000.000, 6900.000, 6900.000
15:26:43, 6900.000, 6900.000, 6900.000
15:26:44, 7000.000, 6900.000, 6900.000
15:26:45, 7000.000, 6900.000, 6900.000
15:26:46, 7000.000, 6900.000, 6900.000
15:26:47, 7000.000, 6900.000, 6900.000
15:26:48, 7000.000, 6900.000, 6900.000
15:26:49, 7000.000, 6900.000, 6900.000
15:26:50, 7000.000, 6900.000, 6900.000
15:26:51, 6900.000, 6900.000, 6900.000
15:26:52, 7000.000, 6900.000, 6900.000
15:26:53, 7000.000, 6900.000, 6900.000
15:26:54, 7000.000, 6900.000, 6900.000
15:26:55, 6900.000, 6900.000, 6900.000
15:26:56, 7000.000, 6900.000, 6900.000
15:26:57, 7000.000, 6900.000, 6900.000
15:26:58, 7000.000, 6900.000, 6900.000
15:26:59, 6900.000, 6900.000, 6900.000
15:27:00, 6900.000, 6900.000, 6900.000
15:27:01, 6900.000, 6900.000, 6900.000
15:27:02, 6900.000, 6900.000, 6900.000
15:27:03, 6900.000, 6900.000, 6900.000
15:27:04, 6900.000, 6900.000, 6900.000
15:27:05, 6900.000, 6900.000, 6900.000
15:27:06, 7000.000, 6900.000, 6900.000
15:27:07, 7000.000, 6900.000, 6900.000
15:27:08, 7000.000, 6900.000, 6900.000
15:27:09, 7000.000, 6900.000, 6900.000
15:27:10, 7000.000, 6900.000, 6900.000
15:27:11, 7000.000, 6900.000, 6900.000
15:27:13, 7000.000, 6900.000, 6900.000
15:27:14, 6900.000, 6900.000, 6900.000
15:27:14, 6900.000, 6900.000, 6900.000
15:27:15, 6900.000, 6900.000, 6900.000
15:27:16, 6900.000, 6900.000, 6900.000
15:27:18, 7000.000, 6900.000, 6900.000
15:27:19, 7000.000, 6900.000, 6900.000
15:27:20, 7000.000, 6900.000, 6900.000
15:27:21, 6900.000, 6900.000, 6900.000
15:27:22, 6900.000, 6900.000, 6900.000
15:27:23, 7000.000, 6900.000, 6900.000
15:27:24, 6900.000, 6900.000, 6900.000
15:27:25, 7000.000, 6900.000, 6900.000
15:27:26, 6900.000, 6900.000, 6900.000
15:27:27, 6900.000, 6900.000, 6900.000
15:27:28, 6900.000, 6900.000, 6900.000
15:27:29, 6900.000, 6900.000, 6900.000
15:27:30, 6900.000, 6900.000, 6900.000
15:27:31, 7000.000, 6900.000, 6900.000
15:27:32, 7000.000, 6900.000, 6900.000
15:27:33, 7000.000, 6900.000, 6900.000
15:27:34, 7000.000, 6900.000, 6900.000
15:27:35, 7000.000, 6900.000, 6900.000
15:27:36, 6900.000, 6900.000, 6900.000
15:27:37, 7000.000, 6900.000, 6900.000
15:27:38, 6900.000, 6900.000, 6900.000
15:27:39, 7000.000, 6900.000, 6900.000
