15:26:39, 39.000, 34.000, 45.000, 25.000, 45.000, 66.000, 40.000, 29.000, 31.000, 36.000, 29.000, 31.000, 33.000, 33.000, 32.000, 31.000, 29.000, 29.000, 32.000, 31.000
15:26:40, 39.000, 34.000, 45.000, 25.000, 45.000, 66.000, 40.000, 29.000, 31.000, 36.000, 29.000, 31.000, 33.000, 33.000, 32.000, 31.000, 29.000, 29.000, 32.000, 31.000
15:26:41, 39.000, 34.000, 45.000, 25.000, 45.000, 66.000, 40.000, 29.000, 31.000, 36.000, 29.000, 31.000, 33.000, 33.000, 32.000, 31.000, 29.000, 29.000, 32.000, 31.000
15:26:42, 39.000, 34.000, 45.000, 25.000, 45.000, 66.000, 40.000, 29.000, 31.000, 36.000, 29.000, 31.000, 33.000, 33.000, 32.000, 31.000, 29.000, 29.000, 32.000, 31.000
15:26:43, 39.000, 34.000, 45.000, 25.000, 45.000, 66.000, 40.000, 29.000, 31.000, 36.000, 29.000, 31.000, 33.000, 33.000, 32.000, 31.000, 29.000, 29.000, 32.000, 31.000
15:26:44, 39.000, 34.000, 45.000, 25.000, 45.000, 66.000, 40.000, 29.000, 31.000, 36.000, 29.000, 31.000, 33.000, 33.000, 32.000, 31.000, 29.000, 29.000, 32.000, 31.000
15:26:45, 39.000, 34.000, 45.000, 25.000, 45.000, 66.000, 40.000, 29.000, 31.000, 36.000, 29.000, 31.000, 33.000, 33.000, 32.000, 31.000, 29.000, 29.000, 32.000, 31.000
15:26:46, 39.000, 34.000, 45.000, 25.000, 45.000, 66.000, 40.000, 29.000, 31.000, 36.000, 29.000, 31.000, 33.000, 33.000, 32.000, 31.000, 29.000, 29.000, 32.000, 31.000
15:26:47, 39.000, 34.000, 45.000, 25.000, 45.000, 66.000, 40.000, 29.000, 31.000, 36.000, 29.000, 31.000, 33.000, 33.000, 32.000, 31.000, 29.000, 29.000, 32.000, 31.000
15:26:48, 39.000, 34.000, 45.000, 25.000, 45.000, 66.000, 40.000, 29.000, 31.000, 36.000, 29.000, 31.000, 33.000, 33.000, 32.000, 31.000, 29.000, 29.000, 32.000, 31.000
15:26:49, 39.000, 34.000, 45.000, 25.000, 45.000, 66.000, 40.000, 29.000, 31.000, 36.000, 29.000, 31.000, 33.000, 33.000, 32.000, 31.000, 29.000, 29.000, 32.000, 31.000
15:26:50, 39.000, 34.000, 45.000, 25.000, 45.000, 66.000, 40.000, 29.000, 31.000, 36.000, 28.000, 31.000, 33.000, 33.000, 32.000, 31.000, 29.000, 29.000, 32.000, 31.000
15:26:51, 39.000, 34.000, 45.000, 25.000, 45.000, 66.000, 40.000, 29.000, 31.000, 36.000, 28.000, 31.000, 33.000, 33.000, 32.000, 31.000, 29.000, 29.000, 32.000, 31.000
15:26:52, 39.000, 34.000, 45.000, 25.000, 45.000, 66.000, 40.000, 29.000, 31.000, 36.000, 28.000, 31.000, 33.000, 33.000, 32.000, 31.000, 29.000, 29.000, 32.000, 31.000
15:26:53, 39.000, 34.000, 45.000, 25.000, 45.000, 66.000, 40.000, 29.000, 31.000, 36.000, 29.000, 31.000, 33.000, 33.000, 32.000, 31.000, 29.000, 29.000, 32.000, 31.000
15:26:54, 39.000, 34.000, 45.000, 25.000, 45.000, 66.000, 40.000, 29.000, 31.000, 36.000, 29.000, 31.000, 33.000, 33.000, 32.000, 31.000, 29.000, 29.000, 32.000, 31.000
15:26:55, 39.000, 34.000, 45.000, 25.000, 45.000, 66.000, 40.000, 29.000, 31.000, 36.000, 29.000, 31.000, 33.000, 33.000, 32.000, 31.000, 29.000, 29.000, 32.000, 31.000
15:26:56, 39.000, 34.000, 45.000, 25.000, 45.000, 66.000, 39.000, 29.000, 31.000, 36.000, 29.000, 31.000, 33.000, 33.000, 32.000, 31.000, 29.000, 29.000, 32.000, 31.000
15:26:57, 39.000, 34.000, 45.000, 25.000, 45.000, 66.000, 39.000, 29.000, 31.000, 36.000, 29.000, 31.000, 33.000, 33.000, 32.000, 31.000, 29.000, 29.000, 32.000, 31.000
15:26:58, 39.000, 34.000, 45.000, 25.000, 45.000, 66.000, 39.000, 29.000, 31.000, 36.000, 29.000, 31.000, 33.000, 33.000, 32.000, 31.000, 29.000, 29.000, 32.000, 31.000
15:26:59, 39.000, 34.000, 45.000, 25.000, 45.000, 66.000, 40.000, 29.000, 31.000, 36.000, 28.000, 31.000, 33.000, 33.000, 32.000, 31.000, 29.000, 29.000, 32.000, 31.000
15:27:00, 39.000, 34.000, 45.000, 25.000, 45.000, 66.000, 40.000, 29.000, 31.000, 36.000, 28.000, 31.000, 33.000, 33.000, 32.000, 31.000, 29.000, 29.000, 32.000, 31.000
15:27:01, 39.000, 34.000, 45.000, 25.000, 45.000, 66.000, 40.000, 29.000, 31.000, 36.000, 28.000, 31.000, 33.000, 33.000, 32.000, 31.000, 29.000, 29.000, 32.000, 31.000
15:27:02, 39.000, 34.000, 45.000, 25.000, 45.000, 66.000, 40.000, 29.000, 31.000, 36.000, 29.000, 31.000, 33.000, 33.000, 32.000, 31.000, 29.000, 29.000, 32.000, 31.000
15:27:03, 39.000, 34.000, 45.000, 25.000, 45.000, 66.000, 40.000, 29.000, 31.000, 36.000, 29.000, 31.000, 33.000, 33.000, 32.000, 31.000, 29.000, 29.000, 32.000, 31.000
15:27:04, 39.000, 34.000, 45.000, 25.000, 45.000, 66.000, 40.000, 29.000, 31.000, 36.000, 29.000, 31.000, 33.000, 33.000, 32.000, 31.000, 29.000, 29.000, 32.000, 31.000
15:27:05, 39.000, 34.000, 45.000, 25.000, 45.000, 66.000, 40.000, 29.000, 31.000, 36.000, 29.000, 31.000, 33.000, 33.000, 32.000, 31.000, 29.000, 29.000, 32.000, 31.000
15:27:06, 39.000, 34.000, 45.000, 25.000, 45.000, 66.000, 40.000, 29.000, 31.000, 36.000, 29.000, 31.000, 33.000, 33.000, 32.000, 31.000, 29.000, 29.000, 32.000, 31.000
15:27:07, 39.000, 34.000, 45.000, 25.000, 45.000, 66.000, 40.000, 29.000, 31.000, 36.000, 29.000, 31.000, 33.000, 33.000, 32.000, 31.000, 29.000, 29.000, 32.000, 31.000
15:27:08, 39.000, 34.000, 45.000, 25.000, 45.000, 66.000, 40.000, 29.000, 31.000, 36.000, 28.000, 31.000, 33.000, 33.000, 32.000, 31.000, 29.000, 29.000, 32.000, 31.000
15:27:09, 39.000, 34.000, 45.000, 25.000, 45.000, 66.000, 40.000, 29.000, 31.000, 36.000, 28.000, 31.000, 33.000, 33.000, 32.000, 31.000, 29.000, 29.000, 32.000, 31.000
15:27:10, 39.000, 34.000, 45.000, 25.000, 45.000, 66.000, 40.000, 29.000, 31.000, 36.000, 28.000, 31.000, 33.000, 33.000, 32.000, 31.000, 29.000, 29.000, 32.000, 31.000
15:27:11, 39.000, 34.000, 45.000, 25.000, 45.000, 66.000, 40.000, 29.000, 32.000, 36.000, 28.000, 31.000, 33.000, 33.000, 32.000, 31.000, 29.000, 29.000, 32.000, 31.000
15:27:13, 40.000, 34.000, 45.000, 25.000, 45.000, 66.000, 40.000, 29.000, 32.000, 36.000, 28.000, 31.000, 33.000, 33.000, 32.000, 31.000, 29.000, 29.000, 32.000, 31.000
15:27:14, 39.000, 34.000, 45.000, 25.000, 45.000, 67.000, 40.000, 29.000, 32.000, 36.000, 28.000, 31.000, 33.000, 33.000, 32.000, 31.000, 29.000, 29.000, 32.000, 31.000
15:27:14, 39.000, 34.000, 45.000, 25.000, 45.000, 67.000, 40.000, 29.000, 31.000, 36.000, 28.000, 31.000, 33.000, 33.000, 32.000, 31.000, 29.000, 29.000, 32.000, 31.000
15:27:15, 39.000, 34.000, 45.000, 25.000, 45.000, 67.000, 40.000, 29.000, 31.000, 36.000, 28.000, 31.000, 33.000, 33.000, 32.000, 31.000, 29.000, 29.000, 31.000, 31.000
15:27:16, 39.000, 34.000, 45.000, 25.000, 45.000, 67.000, 40.000, 29.000, 31.000, 36.000, 28.000, 31.000, 33.000, 33.000, 32.000, 31.000, 29.000, 29.000, 31.000, 31.000
15:27:18, 39.000, 34.000, 45.000, 25.000, 45.000, 66.000, 40.000, 29.000, 31.000, 36.000, 29.000, 31.000, 33.000, 33.000, 32.000, 31.000, 29.000, 29.000, 31.000, 31.000
15:27:19, 39.000, 34.000, 45.000, 25.000, 45.000, 66.000, 40.000, 29.000, 31.000, 36.000, 29.000, 31.000, 33.000, 33.000, 32.000, 31.000, 29.000, 29.000, 31.000, 31.000
15:27:20, 40.000, 34.000, 45.000, 25.000, 45.000, 67.000, 40.000, 29.000, 31.000, 36.000, 29.000, 31.000, 33.000, 33.000, 32.000, 31.000, 29.000, 29.000, 31.000, 31.000
15:27:21, 40.000, 34.000, 45.000, 25.000, 45.000, 67.000, 40.000, 29.000, 31.000, 36.000, 29.000, 31.000, 33.000, 33.000, 32.000, 31.000, 29.000, 29.000, 31.000, 31.000
15:27:22, 39.000, 34.000, 45.000, 25.000, 45.000, 67.000, 40.000, 29.000, 31.000, 36.000, 29.000, 31.000, 33.000, 33.000, 32.000, 31.000, 29.000, 29.000, 32.000, 31.000
15:27:23, 40.000, 34.000, 45.000, 25.000, 45.000, 66.000, 40.000, 29.000, 31.000, 36.000, 29.000, 31.000, 33.000, 33.000, 32.000, 31.000, 29.000, 29.000, 32.000, 31.000
15:27:24, 40.000, 34.000, 45.000, 25.000, 45.000, 66.000, 40.000, 29.000, 31.000, 35.000, 28.000, 31.000, 33.000, 33.000, 32.000, 31.000, 29.000, 29.000, 32.000, 31.000
15:27:25, 40.000, 34.000, 45.000, 25.000, 45.000, 66.000, 40.000, 29.000, 31.000, 35.000, 28.000, 31.000, 33.000, 33.000, 32.000, 31.000, 29.000, 29.000, 31.000, 31.000
15:27:26, 40.000, 34.000, 45.000, 25.000, 45.000, 66.000, 40.000, 29.000, 31.000, 35.000, 28.000, 31.000, 33.000, 33.000, 32.000, 31.000, 29.000, 29.000, 31.000, 31.000
15:27:27, 39.000, 34.000, 45.000, 25.000, 45.000, 66.000, 40.000, 29.000, 31.000, 36.000, 28.000, 31.000, 33.000, 33.000, 32.000, 31.000, 29.000, 29.000, 31.000, 31.000
15:27:28, 39.000, 34.000, 45.000, 25.000, 45.000, 66.000, 40.000, 29.000, 31.000, 36.000, 28.000, 31.000, 33.000, 33.000, 32.000, 31.000, 29.000, 29.000, 31.000, 31.000
15:27:29, 39.000, 34.000, 45.000, 25.000, 45.000, 66.000, 40.000, 29.000, 31.000, 36.000, 28.000, 31.000, 33.000, 33.000, 32.000, 31.000, 29.000, 29.000, 31.000, 31.000
15:27:30, 40.000, 34.000, 45.000, 25.000, 45.000, 66.000, 40.000, 29.000, 31.000, 36.000, 29.000, 31.000, 33.000, 33.000, 32.000, 31.000, 29.000, 29.000, 31.000, 31.000
15:27:31, 39.000, 34.000, 45.000, 25.000, 45.000, 66.000, 40.000, 29.000, 31.000, 36.000, 29.000, 31.000, 33.000, 33.000, 32.000, 31.000, 29.000, 29.000, 31.000, 31.000
15:27:32, 39.000, 34.000, 45.000, 25.000, 45.000, 67.000, 40.000, 29.000, 31.000, 36.000, 29.000, 31.000, 33.000, 33.000, 32.000, 31.000, 29.000, 29.000, 31.000, 31.000
15:27:33, 39.000, 34.000, 45.000, 25.000, 45.000, 67.000, 40.000, 29.000, 31.000, 36.000, 29.000, 31.000, 33.000, 33.000, 32.000, 31.000, 29.000, 29.000, 31.000, 31.000
15:27:34, 39.000, 34.000, 45.000, 25.000, 45.000, 67.000, 40.000, 29.000, 31.000, 36.000, 29.000, 31.000, 33.000, 33.000, 32.000, 31.000, 29.000, 29.000, 31.000, 31.000
15:27:35, 39.000, 34.000, 45.000, 25.000, 45.000, 66.000, 40.000, 29.000, 31.000, 36.000, 29.000, 31.000, 33.000, 33.000, 32.000, 31.000, 29.000, 29.000, 31.000, 31.000
15:27:36, 39.000, 34.000, 45.000, 25.000, 45.000, 66.000, 40.000, 29.000, 31.000, 36.000, 29.000, 31.000, 33.000, 33.000, 32.000, 31.000, 29.000, 29.000, 31.000, 31.000
15:27:37, 39.000, 34.000, 45.000, 25.000, 45.000, 66.000, 40.000, 29.000, 31.000, 36.000, 29.000, 31.000, 33.000, 33.000, 32.000, 31.000, 29.000, 29.000, 32.000, 31.000
15:27:38, 39.000, 34.000, 45.000, 25.000, 45.000, 67.000, 40.000, 29.000, 31.000, 36.000, 29.000, 31.000, 33.000, 33.000, 32.000, 31.000, 29.000, 29.000, 32.000, 31.000
15:27:39, 39.000, 34.000, 45.000, 25.000, 45.000, 67.000, 40.000, 29.000, 31.000, 36.000, 29.000, 31.000, 33.000, 33.000, 32.000, 31.000, 29.000, 29.000, 32.000, 31.000
