15:26:39, 10650.000, 10125.000, 10350.000, 10575.000, 8925.000, 9300.000, 9750.000, 9375.000
15:26:40, 10650.000, 10125.000, 10350.000, 10650.000, 8850.000, 9375.000, 9750.000, 9375.000
15:26:41, 10875.000, 10125.000, 10350.000, 10650.000, 8850.000, 9375.000, 9750.000, 9375.000
15:26:42, 10875.000, 10425.000, 10275.000, 10575.000, 8775.000, 9375.000, 9750.000, 9375.000
15:26:43, 10650.000, 10200.000, 10275.000, 10650.000, 8850.000, 9375.000, 9750.000, 9375.000
15:26:44, 10800.000, 10350.000, 10275.000, 10575.000, 8850.000, 9300.000, 9750.000, 9375.000
15:26:45, 10800.000, 10350.000, 10275.000, 10575.000, 8850.000, 9300.000, 9750.000, 9375.000
15:26:46, 10575.000, 10275.000, 10350.000, 10575.000, 8850.000, 9375.000, 9750.000, 9375.000
15:26:47, 10650.000, 10125.000, 10200.000, 10500.000, 8850.000, 9375.000, 9825.000, 9375.000
15:26:48, 10650.000, 10125.000, 10200.000, 10500.000, 8850.000, 9375.000, 9825.000, 9375.000
15:26:49, 10800.000, 10125.000, 10275.000, 10575.000, 8850.000, 9375.000, 9750.000, 9375.000
15:26:50, 10800.000, 10275.000, 10200.000, 10650.000, 8850.000, 9300.000, 9750.000, 9450.000
15:26:51, 10575.000, 10425.000, 10275.000, 10500.000, 8775.000, 9300.000, 9750.000, 9375.000
15:26:52, 10575.000, 10275.000, 10275.000, 10650.000, 8850.000, 9375.000, 9675.000, 9375.000
15:26:53, 10575.000, 10275.000, 10275.000, 10650.000, 8850.000, 9375.000, 9675.000, 9375.000
15:26:54, 10650.000, 10275.000, 10275.000, 10500.000, 8775.000, 9375.000, 9750.000, 9375.000
15:26:55, 10950.000, 10425.000, 10275.000, 10500.000, 8850.000, 9300.000, 9750.000, 9375.000
15:26:56, 10650.000, 10275.000, 10350.000, 10800.000, 8850.000, 9375.000, 9750.000, 9375.000
15:26:57, 10650.000, 10275.000, 10350.000, 10800.000, 8850.000, 9300.000, 9750.000, 9375.000
15:26:58, 10875.000, 10350.000, 10350.000, 10800.000, 8850.000, 9300.000, 9750.000, 9375.000
15:26:59, 10875.000, 10275.000, 10425.000, 10650.000, 8850.000, 9375.000, 9825.000, 9375.000
15:27:00, 11025.000, 10425.000, 10425.000, 10800.000, 8850.000, 9375.000, 9750.000, 9375.000
15:27:01, 10650.000, 10200.000, 10350.000, 10800.000, 8850.000, 9375.000, 9825.000, 9375.000
15:27:02, 10650.000, 10200.000, 10350.000, 10800.000, 8850.000, 9375.000, 9825.000, 9375.000
15:27:03, 10800.000, 10275.000, 10425.000, 10650.000, 8775.000, 9375.000, 9825.000, 9375.000
15:27:04, 11025.000, 10500.000, 10425.000, 10800.000, 8850.000, 9300.000, 9750.000, 9375.000
15:27:05, 10650.000, 10500.000, 10350.000, 10650.000, 8850.000, 9375.000, 9750.000, 9375.000
15:27:06, 10650.000, 10500.000, 10350.000, 10650.000, 8850.000, 9375.000, 9750.000, 9375.000
15:27:07, 10650.000, 10350.000, 10350.000, 10800.000, 8850.000, 9375.000, 9750.000, 9375.000
15:27:08, 10650.000, 10350.000, 10350.000, 10800.000, 8850.000, 9375.000, 9750.000, 9375.000
15:27:09, 10875.000, 10500.000, 10350.000, 10800.000, 8775.000, 9375.000, 9750.000, 9375.000
15:27:10, 10875.000, 10350.000, 10350.000, 10650.000, 8775.000, 9300.000, 9675.000, 9375.000
15:27:11, 10875.000, 10350.000, 10350.000, 10650.000, 8775.000, 9300.000, 9675.000, 9375.000
15:27:13, 10875.000, 10350.000, 10350.000, 10800.000, 8775.000, 9375.000, 9675.000, 9375.000
15:27:13, 10950.000, 10275.000, 10350.000, 10575.000, 8925.000, 9375.000, 9675.000, 9375.000
15:27:14, 10875.000, 10425.000, 10425.000, 10650.000, 8775.000, 9375.000, 9750.000, 9375.000
15:27:15, 10875.000, 10425.000, 10425.000, 10800.000, 8850.000, 9375.000, 9750.000, 9375.000
15:27:16, 10650.000, 10500.000, 10425.000, 10800.000, 8850.000, 9375.000, 9750.000, 9375.000
15:27:17, 10800.000, 10350.000, 10350.000, 10800.000, 8850.000, 9375.000, 9825.000, 9375.000
15:27:19, 10800.000, 10275.000, 10350.000, 10800.000, 8850.000, 9375.000, 9750.000, 9375.000
15:27:20, 11025.000, 10275.000, 10275.000, 10875.000, 8775.000, 9300.000, 9825.000, 9375.000
15:27:21, 10950.000, 10350.000, 10350.000, 10800.000, 8775.000, 9375.000, 9750.000, 9375.000
15:27:22, 10950.000, 10350.000, 10350.000, 10800.000, 8775.000, 9375.000, 9750.000, 9375.000
15:27:23, 10875.000, 10200.000, 10350.000, 10575.000, 8850.000, 9300.000, 9750.000, 9375.000
15:27:24, 11025.000, 10350.000, 10350.000, 10650.000, 8850.000, 9375.000, 9825.000, 9375.000
15:27:25, 10650.000, 10350.000, 10350.000, 10575.000, 8775.000, 9375.000, 9750.000, 9375.000
15:27:26, 10650.000, 10350.000, 10350.000, 10575.000, 8775.000, 9375.000, 9750.000, 9375.000
15:27:27, 10950.000, 10350.000, 10425.000, 10875.000, 8850.000, 9375.000, 9825.000, 9375.000
15:27:28, 10875.000, 10350.000, 10350.000, 10800.000, 8775.000, 9375.000, 9750.000, 9375.000
15:27:29, 10875.000, 10500.000, 10350.000, 10800.000, 8850.000, 9300.000, 9675.000, 9450.000
15:27:30, 10875.000, 10500.000, 10350.000, 10800.000, 8775.000, 9375.000, 9750.000, 9375.000
15:27:31, 10800.000, 10500.000, 10350.000, 10800.000, 8775.000, 9375.000, 9750.000, 9375.000
15:27:32, 10950.000, 10350.000, 10350.000, 10800.000, 8775.000, 9300.000, 9825.000, 9375.000
15:27:33, 10875.000, 10275.000, 10350.000, 10650.000, 8850.000, 9375.000, 9825.000, 9375.000
15:27:34, 10800.000, 10350.000, 10350.000, 10650.000, 8850.000, 9375.000, 9825.000, 9375.000
15:27:35, 10800.000, 10350.000, 10350.000, 10650.000, 8850.000, 9375.000, 9825.000, 9375.000
15:27:36, 10800.000, 10350.000, 10275.000, 10800.000, 8850.000, 9375.000, 9750.000, 9375.000
15:27:37, 10800.000, 10350.000, 10350.000, 10650.000, 8850.000, 9375.000, 9750.000, 9375.000
15:27:38, 10875.000, 10500.000, 10425.000, 10650.000, 8850.000, 9375.000, 9750.000, 9375.000
15:27:39, 10875.000, 10500.000, 10425.000, 10650.000, 8850.000, 9375.000, 9750.000, 9375.000
