15:26:39, 38.000, 36.000, 37.000, 29.000, 34.000, 31.000, 35.000, 33.000, 31.000, 34.000, 36.000, 33.000, 32.000, 29.000, 29.000, 30.000, 31.000, 34.000, 34.000
15:26:40, 38.000, 36.000, 37.000, 29.000, 34.000, 31.000, 35.000, 33.000, 31.000, 34.000, 36.000, 33.000, 33.000, 29.000, 29.000, 30.000, 31.000, 34.000, 34.000
15:26:41, 37.000, 35.000, 37.000, 29.000, 34.000, 31.000, 35.000, 33.000, 31.000, 34.000, 36.000, 33.000, 33.000, 29.000, 29.000, 30.000, 31.000, 34.000, 34.000
15:26:42, 37.000, 35.000, 37.000, 29.000, 34.000, 31.000, 34.000, 33.000, 32.000, 34.000, 37.000, 33.000, 33.000, 29.000, 29.000, 30.000, 31.000, 34.000, 34.000
15:26:43, 37.000, 35.000, 37.000, 29.000, 34.000, 31.000, 34.000, 33.000, 32.000, 34.000, 37.000, 33.000, 33.000, 29.000, 29.000, 30.000, 31.000, 34.000, 34.000
15:26:44, 37.000, 35.000, 37.000, 29.000, 34.000, 31.000, 34.000, 33.000, 32.000, 34.000, 37.000, 33.000, 33.000, 29.000, 29.000, 30.000, 31.000, 34.000, 34.000
15:26:45, 37.000, 35.000, 37.000, 29.000, 34.000, 31.000, 34.000, 33.000, 32.000, 34.000, 37.000, 33.000, 33.000, 29.000, 29.000, 30.000, 31.000, 34.000, 34.000
15:26:46, 36.000, 34.000, 37.000, 29.000, 34.000, 31.000, 34.000, 33.000, 32.000, 33.000, 37.000, 33.000, 33.000, 29.000, 29.000, 30.000, 31.000, 34.000, 34.000
15:26:47, 36.000, 34.000, 37.000, 29.000, 34.000, 31.000, 34.000, 33.000, 32.000, 33.000, 37.000, 33.000, 33.000, 29.000, 29.000, 30.000, 31.000, 34.000, 34.000
15:26:48, 35.000, 34.000, 37.000, 29.000, 34.000, 31.000, 34.000, 33.000, 32.000, 33.000, 37.000, 33.000, 33.000, 29.000, 29.000, 30.000, 31.000, 34.000, 34.000
15:26:49, 35.000, 34.000, 37.000, 29.000, 34.000, 31.000, 34.000, 33.000, 32.000, 34.000, 37.000, 33.000, 32.000, 29.000, 29.000, 30.000, 31.000, 34.000, 34.000
15:26:50, 35.000, 34.000, 37.000, 29.000, 34.000, 31.000, 34.000, 33.000, 32.000, 34.000, 37.000, 33.000, 32.000, 29.000, 29.000, 30.000, 31.000, 34.000, 34.000
15:26:51, 35.000, 34.000, 37.000, 29.000, 34.000, 31.000, 34.000, 33.000, 31.000, 34.000, 37.000, 33.000, 32.000, 29.000, 29.000, 30.000, 31.000, 34.000, 34.000
15:26:52, 35.000, 34.000, 37.000, 29.000, 34.000, 31.000, 34.000, 33.000, 31.000, 34.000, 37.000, 33.000, 32.000, 29.000, 29.000, 30.000, 31.000, 34.000, 34.000
15:26:53, 35.000, 34.000, 37.000, 29.000, 34.000, 31.000, 34.000, 33.000, 31.000, 34.000, 37.000, 33.000, 32.000, 29.000, 29.000, 30.000, 31.000, 34.000, 34.000
15:26:54, 35.000, 34.000, 37.000, 29.000, 34.000, 31.000, 34.000, 33.000, 32.000, 34.000, 37.000, 33.000, 32.000, 29.000, 29.000, 30.000, 31.000, 34.000, 34.000
15:26:55, 35.000, 34.000, 37.000, 29.000, 34.000, 31.000, 34.000, 33.000, 32.000, 34.000, 37.000, 33.000, 32.000, 29.000, 29.000, 30.000, 31.000, 34.000, 34.000
15:26:56, 35.000, 33.000, 37.000, 29.000, 34.000, 31.000, 34.000, 33.000, 32.000, 34.000, 37.000, 33.000, 32.000, 29.000, 29.000, 30.000, 31.000, 34.000, 34.000
15:26:57, 36.000, 35.000, 37.000, 29.000, 34.000, 31.000, 35.000, 33.000, 31.000, 34.000, 37.000, 33.000, 32.000, 29.000, 29.000, 30.000, 31.000, 34.000, 33.000
15:26:58, 35.000, 33.000, 37.000, 29.000, 34.000, 31.000, 35.000, 33.000, 31.000, 34.000, 37.000, 33.000, 32.000, 29.000, 29.000, 30.000, 31.000, 34.000, 33.000
15:26:59, 35.000, 33.000, 37.000, 29.000, 34.000, 31.000, 35.000, 33.000, 31.000, 34.000, 37.000, 33.000, 32.000, 29.000, 29.000, 30.000, 31.000, 34.000, 33.000
15:27:00, 35.000, 34.000, 37.000, 29.000, 34.000, 31.000, 35.000, 33.000, 31.000, 34.000, 37.000, 33.000, 32.000, 29.000, 29.000, 30.000, 31.000, 34.000, 33.000
15:27:01, 35.000, 34.000, 37.000, 29.000, 34.000, 31.000, 35.000, 33.000, 31.000, 34.000, 37.000, 33.000, 32.000, 29.000, 29.000, 30.000, 31.000, 33.000, 33.000
15:27:02, 36.000, 34.000, 37.000, 29.000, 34.000, 31.000, 35.000, 33.000, 31.000, 34.000, 37.000, 33.000, 32.000, 29.000, 29.000, 30.000, 31.000, 33.000, 33.000
15:27:03, 35.000, 34.000, 37.000, 29.000, 34.000, 31.000, 35.000, 33.000, 31.000, 34.000, 37.000, 33.000, 32.000, 29.000, 29.000, 30.000, 31.000, 33.000, 33.000
15:27:04, 36.000, 34.000, 37.000, 29.000, 34.000, 30.000, 35.000, 33.000, 31.000, 34.000, 37.000, 33.000, 32.000, 29.000, 29.000, 30.000, 31.000, 34.000, 33.000
15:27:06, 36.000, 35.000, 37.000, 29.000, 34.000, 30.000, 35.000, 34.000, 31.000, 34.000, 37.000, 33.000, 32.000, 29.000, 29.000, 30.000, 31.000, 34.000, 33.000
15:27:07, 37.000, 35.000, 37.000, 29.000, 34.000, 30.000, 35.000, 34.000, 31.000, 34.000, 37.000, 33.000, 32.000, 29.000, 29.000, 30.000, 31.000, 34.000, 33.000
15:27:07, 37.000, 35.000, 37.000, 29.000, 34.000, 30.000, 35.000, 34.000, 31.000, 34.000, 37.000, 33.000, 32.000, 29.000, 29.000, 30.000, 31.000, 33.000, 33.000
15:27:08, 37.000, 36.000, 37.000, 29.000, 34.000, 30.000, 35.000, 34.000, 31.000, 34.000, 37.000, 33.000, 32.000, 29.000, 29.000, 30.000, 31.000, 33.000, 33.000
15:27:09, 35.000, 34.000, 37.000, 29.000, 34.000, 30.000, 34.000, 33.000, 31.000, 34.000, 37.000, 33.000, 32.000, 29.000, 29.000, 30.000, 31.000, 33.000, 33.000
15:27:10, 36.000, 34.000, 37.000, 29.000, 34.000, 30.000, 34.000, 33.000, 31.000, 34.000, 37.000, 33.000, 32.000, 29.000, 29.000, 30.000, 31.000, 34.000, 33.000
15:27:12, 36.000, 34.000, 37.000, 29.000, 34.000, 30.000, 34.000, 33.000, 31.000, 34.000, 37.000, 33.000, 32.000, 29.000, 29.000, 30.000, 31.000, 34.000, 33.000
15:27:13, 36.000, 34.000, 37.000, 29.000, 34.000, 30.000, 34.000, 33.000, 31.000, 34.000, 37.000, 33.000, 32.000, 29.000, 29.000, 30.000, 31.000, 34.000, 33.000
15:27:14, 36.000, 35.000, 37.000, 29.000, 34.000, 31.000, 34.000, 33.000, 31.000, 34.000, 37.000, 33.000, 32.000, 29.000, 29.000, 30.000, 31.000, 34.000, 33.000
15:27:15, 36.000, 35.000, 37.000, 29.000, 34.000, 31.000, 34.000, 33.000, 31.000, 34.000, 37.000, 33.000, 32.000, 29.000, 29.000, 30.000, 31.000, 34.000, 33.000
15:27:16, 37.000, 35.000, 37.000, 29.000, 34.000, 31.000, 35.000, 33.000, 31.000, 34.000, 37.000, 33.000, 32.000, 29.000, 29.000, 30.000, 31.000, 34.000, 33.000
15:27:17, 36.000, 34.000, 37.000, 29.000, 34.000, 30.000, 35.000, 33.000, 31.000, 34.000, 37.000, 33.000, 32.000, 29.000, 29.000, 30.000, 31.000, 34.000, 33.000
15:27:18, 37.000, 35.000, 37.000, 29.000, 34.000, 30.000, 35.000, 33.000, 31.000, 34.000, 37.000, 33.000, 32.000, 29.000, 29.000, 30.000, 31.000, 34.000, 33.000
15:27:19, 36.000, 34.000, 37.000, 29.000, 34.000, 30.000, 34.000, 34.000, 31.000, 34.000, 37.000, 33.000, 32.000, 29.000, 29.000, 30.000, 31.000, 34.000, 33.000
15:27:20, 36.000, 35.000, 37.000, 29.000, 34.000, 31.000, 34.000, 34.000, 31.000, 34.000, 37.000, 33.000, 32.000, 29.000, 29.000, 30.000, 31.000, 34.000, 33.000
15:27:21, 36.000, 34.000, 37.000, 29.000, 34.000, 31.000, 34.000, 33.000, 31.000, 34.000, 37.000, 33.000, 32.000, 29.000, 29.000, 30.000, 31.000, 34.000, 33.000
15:27:22, 35.000, 34.000, 37.000, 29.000, 34.000, 31.000, 34.000, 33.000, 31.000, 34.000, 37.000, 33.000, 32.000, 29.000, 29.000, 30.000, 31.000, 34.000, 33.000
15:27:23, 35.000, 34.000, 37.000, 29.000, 34.000, 31.000, 34.000, 33.000, 31.000, 34.000, 37.000, 33.000, 32.000, 29.000, 29.000, 30.000, 31.000, 34.000, 33.000
15:27:24, 35.000, 34.000, 37.000, 29.000, 34.000, 31.000, 34.000, 33.000, 31.000, 34.000, 37.000, 33.000, 32.000, 29.000, 29.000, 30.000, 31.000, 34.000, 33.000
15:27:25, 35.000, 33.000, 37.000, 29.000, 34.000, 31.000, 34.000, 33.000, 32.000, 34.000, 37.000, 33.000, 32.000, 29.000, 29.000, 30.000, 31.000, 34.000, 33.000
15:27:26, 34.000, 33.000, 37.000, 29.000, 34.000, 31.000, 34.000, 33.000, 32.000, 34.000, 37.000, 33.000, 32.000, 29.000, 29.000, 30.000, 31.000, 34.000, 33.000
15:27:27, 35.000, 34.000, 37.000, 29.000, 34.000, 31.000, 35.000, 34.000, 31.000, 34.000, 37.000, 33.000, 32.000, 29.000, 29.000, 30.000, 31.000, 34.000, 33.000
15:27:28, 34.000, 34.000, 37.000, 29.000, 34.000, 31.000, 35.000, 34.000, 31.000, 34.000, 37.000, 33.000, 32.000, 29.000, 29.000, 30.000, 31.000, 34.000, 33.000
15:27:29, 34.000, 33.000, 37.000, 29.000, 34.000, 31.000, 35.000, 34.000, 31.000, 34.000, 37.000, 33.000, 32.000, 29.000, 29.000, 30.000, 31.000, 33.000, 33.000
15:27:30, 35.000, 33.000, 37.000, 29.000, 34.000, 31.000, 35.000, 34.000, 31.000, 34.000, 37.000, 33.000, 32.000, 29.000, 29.000, 30.000, 31.000, 33.000, 33.000
15:27:31, 35.000, 34.000, 37.000, 29.000, 34.000, 31.000, 35.000, 34.000, 31.000, 34.000, 37.000, 33.000, 32.000, 29.000, 29.000, 30.000, 31.000, 33.000, 33.000
15:27:32, 35.000, 34.000, 37.000, 29.000, 34.000, 31.000, 35.000, 34.000, 31.000, 34.000, 37.000, 33.000, 32.000, 29.000, 29.000, 30.000, 31.000, 33.000, 33.000
15:27:33, 35.000, 34.000, 37.000, 29.000, 34.000, 31.000, 34.000, 33.000, 31.000, 34.000, 37.000, 33.000, 32.000, 29.000, 29.000, 30.000, 31.000, 33.000, 33.000
15:27:34, 35.000, 34.000, 37.000, 29.000, 34.000, 31.000, 34.000, 33.000, 31.000, 34.000, 37.000, 33.000, 32.000, 29.000, 29.000, 30.000, 31.000, 33.000, 33.000
15:27:35, 35.000, 34.000, 37.000, 29.000, 34.000, 31.000, 34.000, 33.000, 31.000, 34.000, 37.000, 33.000, 32.000, 29.000, 29.000, 30.000, 31.000, 33.000, 33.000
15:27:36, 35.000, 34.000, 37.000, 29.000, 34.000, 31.000, 35.000, 33.000, 31.000, 34.000, 37.000, 33.000, 32.000, 29.000, 29.000, 30.000, 31.000, 33.000, 33.000
15:27:37, 35.000, 34.000, 37.000, 29.000, 34.000, 31.000, 35.000, 33.000, 31.000, 34.000, 37.000, 33.000, 32.000, 29.000, 29.000, 30.000, 31.000, 33.000, 33.000
15:27:38, 34.000, 33.000, 37.000, 29.000, 34.000, 31.000, 35.000, 33.000, 31.000, 34.000, 37.000, 33.000, 32.000, 29.000, 29.000, 30.000, 31.000, 33.000, 33.000
15:27:39, 34.000, 33.000, 37.000, 29.000, 34.000, 31.000, 35.000, 33.000, 31.000, 34.000, 37.000, 33.000, 32.000, 29.000, 29.000, 30.000, 31.000, 33.000, 33.000
