15:26:39, 37.000, 35.000, 38.000, 28.000, 35.000, 29.000, 32.000, 34.000, 33.000, 34.000, 36.000, 31.000, 31.000, 31.000, 31.000, 32.000, 33.000, 32.000, 32.000
15:26:40, 38.000, 36.000, 38.000, 28.000, 35.000, 29.000, 32.000, 33.000, 33.000, 34.000, 36.000, 31.000, 31.000, 31.000, 31.000, 32.000, 33.000, 32.000, 32.000
15:26:41, 38.000, 35.000, 38.000, 28.000, 35.000, 29.000, 32.000, 33.000, 33.000, 34.000, 36.000, 31.000, 31.000, 31.000, 31.000, 32.000, 33.000, 32.000, 32.000
15:26:42, 38.000, 36.000, 38.000, 28.000, 35.000, 29.000, 32.000, 33.000, 33.000, 34.000, 36.000, 31.000, 31.000, 31.000, 31.000, 32.000, 33.000, 32.000, 32.000
15:26:43, 38.000, 36.000, 38.000, 28.000, 35.000, 29.000, 32.000, 34.000, 33.000, 34.000, 36.000, 31.000, 31.000, 31.000, 31.000, 32.000, 33.000, 32.000, 32.000
15:26:44, 38.000, 36.000, 38.000, 28.000, 35.000, 29.000, 32.000, 34.000, 33.000, 34.000, 36.000, 31.000, 31.000, 31.000, 31.000, 32.000, 33.000, 32.000, 32.000
15:26:45, 38.000, 36.000, 38.000, 28.000, 35.000, 29.000, 32.000, 34.000, 33.000, 34.000, 36.000, 31.000, 31.000, 31.000, 31.000, 32.000, 33.000, 32.000, 32.000
15:26:46, 38.000, 36.000, 38.000, 28.000, 35.000, 29.000, 32.000, 33.000, 33.000, 34.000, 36.000, 31.000, 31.000, 31.000, 31.000, 32.000, 33.000, 32.000, 32.000
15:26:47, 38.000, 36.000, 38.000, 28.000, 35.000, 29.000, 32.000, 33.000, 33.000, 34.000, 36.000, 31.000, 31.000, 31.000, 31.000, 32.000, 33.000, 32.000, 32.000
15:26:48, 38.000, 35.000, 38.000, 28.000, 35.000, 29.000, 32.000, 33.000, 33.000, 34.000, 36.000, 31.000, 31.000, 31.000, 31.000, 32.000, 33.000, 32.000, 32.000
15:26:49, 38.000, 36.000, 38.000, 28.000, 35.000, 29.000, 32.000, 33.000, 33.000, 34.000, 36.000, 31.000, 31.000, 31.000, 31.000, 32.000, 33.000, 32.000, 32.000
15:26:50, 38.000, 36.000, 38.000, 28.000, 35.000, 29.000, 32.000, 33.000, 33.000, 34.000, 36.000, 31.000, 31.000, 31.000, 31.000, 32.000, 33.000, 32.000, 32.000
15:26:51, 38.000, 36.000, 38.000, 28.000, 35.000, 29.000, 32.000, 33.000, 33.000, 34.000, 36.000, 31.000, 31.000, 31.000, 31.000, 32.000, 33.000, 32.000, 32.000
15:26:52, 38.000, 36.000, 38.000, 28.000, 35.000, 29.000, 32.000, 34.000, 33.000, 34.000, 36.000, 31.000, 31.000, 31.000, 31.000, 32.000, 33.000, 32.000, 32.000
15:26:53, 38.000, 36.000, 38.000, 28.000, 35.000, 29.000, 32.000, 34.000, 33.000, 34.000, 36.000, 31.000, 31.000, 31.000, 31.000, 32.000, 33.000, 32.000, 32.000
15:26:54, 38.000, 36.000, 38.000, 28.000, 35.000, 29.000, 32.000, 34.000, 33.000, 34.000, 36.000, 31.000, 31.000, 31.000, 31.000, 32.000, 33.000, 32.000, 32.000
15:26:55, 38.000, 36.000, 38.000, 28.000, 35.000, 29.000, 32.000, 34.000, 33.000, 34.000, 36.000, 31.000, 31.000, 31.000, 31.000, 32.000, 33.000, 32.000, 32.000
15:26:56, 38.000, 36.000, 38.000, 28.000, 35.000, 29.000, 32.000, 34.000, 33.000, 34.000, 36.000, 31.000, 31.000, 31.000, 31.000, 32.000, 33.000, 32.000, 32.000
15:26:57, 38.000, 36.000, 38.000, 28.000, 35.000, 29.000, 32.000, 34.000, 33.000, 34.000, 36.000, 31.000, 31.000, 31.000, 31.000, 32.000, 33.000, 32.000, 32.000
15:26:59, 38.000, 36.000, 38.000, 28.000, 35.000, 29.000, 32.000, 34.000, 33.000, 34.000, 36.000, 31.000, 31.000, 31.000, 31.000, 32.000, 33.000, 32.000, 32.000
15:26:59, 38.000, 36.000, 38.000, 28.000, 35.000, 29.000, 32.000, 34.000, 33.000, 34.000, 36.000, 31.000, 31.000, 31.000, 31.000, 32.000, 33.000, 32.000, 32.000
15:27:00, 38.000, 36.000, 38.000, 28.000, 35.000, 29.000, 32.000, 34.000, 33.000, 34.000, 36.000, 31.000, 31.000, 31.000, 31.000, 32.000, 33.000, 32.000, 32.000
15:27:01, 38.000, 36.000, 38.000, 28.000, 35.000, 29.000, 32.000, 34.000, 33.000, 34.000, 36.000, 31.000, 31.000, 31.000, 31.000, 32.000, 33.000, 32.000, 32.000
15:27:02, 38.000, 36.000, 38.000, 28.000, 35.000, 29.000, 32.000, 34.000, 33.000, 34.000, 36.000, 31.000, 31.000, 31.000, 31.000, 32.000, 33.000, 32.000, 32.000
15:27:03, 38.000, 36.000, 38.000, 28.000, 35.000, 29.000, 32.000, 34.000, 33.000, 34.000, 36.000, 31.000, 31.000, 31.000, 31.000, 32.000, 33.000, 32.000, 32.000
15:27:04, 38.000, 36.000, 38.000, 28.000, 35.000, 29.000, 32.000, 33.000, 33.000, 34.000, 36.000, 31.000, 31.000, 31.000, 31.000, 32.000, 33.000, 32.000, 32.000
15:27:06, 38.000, 36.000, 38.000, 28.000, 35.000, 29.000, 32.000, 33.000, 33.000, 34.000, 36.000, 31.000, 31.000, 31.000, 31.000, 32.000, 33.000, 32.000, 32.000
15:27:07, 38.000, 36.000, 38.000, 28.000, 35.000, 29.000, 32.000, 33.000, 33.000, 34.000, 36.000, 31.000, 31.000, 31.000, 31.000, 32.000, 33.000, 32.000, 32.000
15:27:08, 38.000, 36.000, 38.000, 28.000, 35.000, 29.000, 32.000, 33.000, 33.000, 34.000, 36.000, 31.000, 31.000, 31.000, 31.000, 32.000, 33.000, 32.000, 32.000
15:27:08, 38.000, 36.000, 38.000, 28.000, 35.000, 29.000, 32.000, 33.000, 33.000, 34.000, 36.000, 31.000, 31.000, 31.000, 31.000, 32.000, 33.000, 32.000, 32.000
15:27:09, 38.000, 36.000, 38.000, 28.000, 35.000, 29.000, 32.000, 33.000, 33.000, 34.000, 36.000, 31.000, 31.000, 31.000, 31.000, 32.000, 33.000, 32.000, 32.000
15:27:10, 38.000, 36.000, 38.000, 28.000, 35.000, 29.000, 32.000, 33.000, 33.000, 34.000, 36.000, 31.000, 31.000, 31.000, 31.000, 32.000, 33.000, 32.000, 32.000
15:27:12, 38.000, 36.000, 38.000, 28.000, 35.000, 29.000, 32.000, 33.000, 33.000, 34.000, 36.000, 31.000, 31.000, 31.000, 31.000, 32.000, 33.000, 32.000, 32.000
15:27:13, 38.000, 36.000, 38.000, 28.000, 35.000, 29.000, 32.000, 33.000, 33.000, 34.000, 36.000, 31.000, 31.000, 31.000, 31.000, 32.000, 33.000, 32.000, 32.000
15:27:14, 38.000, 36.000, 38.000, 28.000, 35.000, 29.000, 32.000, 34.000, 33.000, 34.000, 36.000, 31.000, 31.000, 31.000, 31.000, 32.000, 33.000, 32.000, 32.000
15:27:15, 38.000, 36.000, 38.000, 28.000, 35.000, 29.000, 32.000, 34.000, 33.000, 34.000, 36.000, 31.000, 31.000, 31.000, 31.000, 32.000, 33.000, 32.000, 32.000
15:27:16, 38.000, 36.000, 38.000, 28.000, 35.000, 29.000, 32.000, 34.000, 33.000, 34.000, 36.000, 31.000, 31.000, 31.000, 31.000, 32.000, 33.000, 32.000, 32.000
15:27:17, 38.000, 36.000, 38.000, 28.000, 35.000, 29.000, 32.000, 34.000, 33.000, 34.000, 36.000, 31.000, 31.000, 31.000, 31.000, 32.000, 33.000, 32.000, 32.000
15:27:18, 38.000, 36.000, 38.000, 28.000, 35.000, 29.000, 32.000, 34.000, 33.000, 34.000, 36.000, 31.000, 31.000, 31.000, 31.000, 32.000, 33.000, 32.000, 32.000
15:27:19, 38.000, 36.000, 38.000, 28.000, 35.000, 29.000, 32.000, 33.000, 33.000, 34.000, 36.000, 31.000, 31.000, 31.000, 31.000, 32.000, 33.000, 32.000, 32.000
15:27:20, 38.000, 36.000, 38.000, 28.000, 35.000, 29.000, 32.000, 33.000, 33.000, 34.000, 36.000, 31.000, 31.000, 31.000, 31.000, 32.000, 33.000, 32.000, 32.000
15:27:21, 38.000, 36.000, 38.000, 28.000, 35.000, 29.000, 32.000, 33.000, 33.000, 34.000, 36.000, 31.000, 31.000, 31.000, 31.000, 32.000, 33.000, 32.000, 32.000
15:27:22, 38.000, 36.000, 38.000, 28.000, 35.000, 29.000, 32.000, 34.000, 33.000, 34.000, 36.000, 31.000, 31.000, 31.000, 31.000, 32.000, 33.000, 32.000, 32.000
15:27:23, 38.000, 36.000, 38.000, 28.000, 35.000, 29.000, 32.000, 34.000, 33.000, 34.000, 36.000, 31.000, 31.000, 31.000, 31.000, 32.000, 33.000, 32.000, 32.000
15:27:24, 38.000, 36.000, 38.000, 28.000, 35.000, 29.000, 32.000, 34.000, 33.000, 34.000, 36.000, 31.000, 31.000, 31.000, 31.000, 32.000, 33.000, 32.000, 32.000
15:27:25, 38.000, 36.000, 38.000, 28.000, 35.000, 29.000, 32.000, 34.000, 33.000, 34.000, 36.000, 31.000, 31.000, 31.000, 31.000, 32.000, 33.000, 32.000, 32.000
15:27:26, 38.000, 36.000, 38.000, 28.000, 35.000, 29.000, 32.000, 34.000, 33.000, 34.000, 36.000, 31.000, 31.000, 31.000, 31.000, 32.000, 33.000, 32.000, 32.000
15:27:27, 38.000, 36.000, 38.000, 28.000, 35.000, 29.000, 32.000, 34.000, 33.000, 34.000, 36.000, 31.000, 31.000, 31.000, 31.000, 32.000, 33.000, 32.000, 32.000
15:27:28, 38.000, 36.000, 38.000, 28.000, 35.000, 29.000, 32.000, 34.000, 33.000, 34.000, 36.000, 31.000, 31.000, 31.000, 31.000, 32.000, 33.000, 32.000, 32.000
15:27:29, 38.000, 36.000, 38.000, 28.000, 35.000, 29.000, 32.000, 34.000, 33.000, 34.000, 36.000, 31.000, 31.000, 31.000, 31.000, 32.000, 33.000, 32.000, 32.000
15:27:30, 38.000, 36.000, 38.000, 28.000, 35.000, 29.000, 32.000, 34.000, 33.000, 34.000, 36.000, 31.000, 31.000, 31.000, 31.000, 32.000, 33.000, 32.000, 32.000
15:27:31, 38.000, 36.000, 38.000, 28.000, 35.000, 29.000, 32.000, 34.000, 33.000, 34.000, 36.000, 31.000, 31.000, 31.000, 31.000, 32.000, 33.000, 32.000, 32.000
15:27:32, 38.000, 36.000, 38.000, 28.000, 35.000, 29.000, 32.000, 34.000, 33.000, 34.000, 36.000, 31.000, 31.000, 31.000, 31.000, 32.000, 33.000, 32.000, 32.000
15:27:33, 38.000, 36.000, 38.000, 28.000, 35.000, 29.000, 32.000, 34.000, 33.000, 34.000, 36.000, 31.000, 31.000, 31.000, 31.000, 32.000, 33.000, 32.000, 32.000
15:27:34, 38.000, 36.000, 38.000, 28.000, 35.000, 29.000, 32.000, 34.000, 33.000, 34.000, 36.000, 31.000, 31.000, 31.000, 31.000, 32.000, 33.000, 32.000, 32.000
15:27:35, 38.000, 36.000, 38.000, 28.000, 35.000, 29.000, 32.000, 34.000, 33.000, 34.000, 36.000, 31.000, 31.000, 31.000, 31.000, 32.000, 33.000, 32.000, 32.000
15:27:36, 38.000, 36.000, 38.000, 28.000, 35.000, 29.000, 32.000, 34.000, 33.000, 34.000, 36.000, 31.000, 31.000, 31.000, 31.000, 32.000, 33.000, 32.000, 32.000
15:27:37, 38.000, 36.000, 38.000, 28.000, 35.000, 29.000, 32.000, 34.000, 33.000, 34.000, 36.000, 31.000, 31.000, 31.000, 31.000, 32.000, 33.000, 32.000, 32.000
15:27:38, 38.000, 36.000, 38.000, 28.000, 35.000, 29.000, 32.000, 34.000, 33.000, 34.000, 36.000, 31.000, 31.000, 31.000, 31.000, 32.000, 33.000, 32.000, 32.000
15:27:39, 38.000, 36.000, 38.000, 28.000, 35.000, 29.000, 32.000, 34.000, 33.000, 34.000, 36.000, 31.000, 31.000, 31.000, 31.000, 32.000, 33.000, 32.000, 32.000
