15:26:39, 38.000, 36.000, 38.000, 28.000, 35.000, 28.000, 32.000, 33.000, 33.000, 36.000, 35.000, 29.000, 29.000, 30.000, 29.000, 31.000, 30.000, 31.000, 31.000
15:26:40, 38.000, 36.000, 38.000, 28.000, 35.000, 28.000, 32.000, 34.000, 33.000, 36.000, 35.000, 29.000, 29.000, 30.000, 29.000, 31.000, 30.000, 31.000, 31.000
15:26:41, 38.000, 36.000, 38.000, 28.000, 35.000, 28.000, 32.000, 34.000, 33.000, 36.000, 35.000, 29.000, 29.000, 30.000, 29.000, 31.000, 30.000, 31.000, 31.000
15:26:42, 38.000, 36.000, 38.000, 28.000, 35.000, 29.000, 32.000, 34.000, 33.000, 36.000, 35.000, 29.000, 29.000, 30.000, 29.000, 31.000, 30.000, 31.000, 31.000
15:26:43, 38.000, 36.000, 38.000, 28.000, 35.000, 29.000, 32.000, 34.000, 33.000, 36.000, 35.000, 30.000, 29.000, 30.000, 29.000, 31.000, 29.000, 31.000, 31.000
15:26:44, 37.000, 35.000, 38.000, 28.000, 35.000, 29.000, 32.000, 34.000, 33.000, 36.000, 35.000, 30.000, 29.000, 30.000, 29.000, 31.000, 29.000, 31.000, 31.000
15:26:45, 36.000, 34.000, 38.000, 29.000, 35.000, 29.000, 32.000, 34.000, 33.000, 36.000, 35.000, 30.000, 29.000, 30.000, 29.000, 31.000, 29.000, 31.000, 31.000
15:26:46, 37.000, 34.000, 38.000, 29.000, 35.000, 29.000, 32.000, 33.000, 33.000, 36.000, 35.000, 30.000, 29.000, 30.000, 29.000, 30.000, 29.000, 31.000, 31.000
15:26:47, 38.000, 37.000, 38.000, 29.000, 35.000, 29.000, 32.000, 33.000, 33.000, 36.000, 35.000, 30.000, 29.000, 30.000, 29.000, 30.000, 29.000, 31.000, 31.000
15:26:48, 38.000, 37.000, 38.000, 28.000, 35.000, 28.000, 32.000, 33.000, 33.000, 36.000, 35.000, 30.000, 29.000, 30.000, 29.000, 30.000, 29.000, 31.000, 31.000
15:26:49, 39.000, 37.000, 38.000, 28.000, 35.000, 28.000, 32.000, 33.000, 33.000, 36.000, 34.000, 30.000, 29.000, 30.000, 29.000, 30.000, 29.000, 31.000, 31.000
15:26:50, 37.000, 35.000, 38.000, 28.000, 35.000, 28.000, 32.000, 33.000, 33.000, 36.000, 34.000, 30.000, 29.000, 30.000, 29.000, 30.000, 29.000, 31.000, 31.000
15:26:51, 36.000, 35.000, 38.000, 28.000, 36.000, 29.000, 32.000, 33.000, 33.000, 36.000, 34.000, 30.000, 29.000, 30.000, 29.000, 31.000, 29.000, 31.000, 31.000
15:26:52, 36.000, 35.000, 38.000, 28.000, 36.000, 29.000, 32.000, 33.000, 33.000, 36.000, 34.000, 30.000, 29.000, 30.000, 29.000, 31.000, 29.000, 31.000, 31.000
15:26:53, 36.000, 35.000, 38.000, 28.000, 36.000, 29.000, 32.000, 33.000, 33.000, 36.000, 34.000, 30.000, 29.000, 30.000, 29.000, 31.000, 29.000, 31.000, 31.000
15:26:54, 37.000, 36.000, 38.000, 29.000, 35.000, 28.000, 32.000, 33.000, 33.000, 36.000, 34.000, 30.000, 29.000, 30.000, 29.000, 31.000, 29.000, 31.000, 31.000
15:26:55, 38.000, 36.000, 38.000, 29.000, 35.000, 28.000, 32.000, 33.000, 33.000, 36.000, 35.000, 30.000, 29.000, 30.000, 29.000, 30.000, 29.000, 31.000, 31.000
15:26:56, 37.000, 35.000, 38.000, 29.000, 35.000, 28.000, 32.000, 33.000, 33.000, 36.000, 35.000, 30.000, 29.000, 30.000, 29.000, 30.000, 29.000, 31.000, 31.000
15:26:57, 37.000, 35.000, 38.000, 29.000, 35.000, 28.000, 32.000, 33.000, 33.000, 36.000, 35.000, 30.000, 29.000, 30.000, 29.000, 30.000, 29.000, 31.000, 31.000
15:26:58, 37.000, 36.000, 38.000, 29.000, 35.000, 28.000, 32.000, 33.000, 33.000, 36.000, 35.000, 29.000, 29.000, 30.000, 29.000, 30.000, 29.000, 31.000, 31.000
15:26:59, 39.000, 37.000, 38.000, 29.000, 35.000, 28.000, 32.000, 33.000, 33.000, 36.000, 35.000, 29.000, 29.000, 30.000, 29.000, 30.000, 29.000, 31.000, 31.000
15:27:00, 38.000, 37.000, 38.000, 29.000, 35.000, 28.000, 32.000, 33.000, 33.000, 36.000, 35.000, 29.000, 29.000, 30.000, 29.000, 30.000, 29.000, 31.000, 31.000
15:27:01, 36.000, 35.000, 38.000, 29.000, 35.000, 29.000, 32.000, 33.000, 33.000, 36.000, 35.000, 30.000, 29.000, 30.000, 29.000, 30.000, 29.000, 31.000, 31.000
15:27:02, 36.000, 35.000, 38.000, 29.000, 35.000, 29.000, 32.000, 33.000, 33.000, 36.000, 35.000, 30.000, 29.000, 30.000, 29.000, 30.000, 29.000, 31.000, 31.000
15:27:03, 35.000, 34.000, 38.000, 29.000, 35.000, 29.000, 32.000, 33.000, 33.000, 36.000, 35.000, 30.000, 29.000, 30.000, 29.000, 30.000, 29.000, 31.000, 31.000
15:27:04, 36.000, 35.000, 38.000, 29.000, 35.000, 29.000, 32.000, 33.000, 33.000, 36.000, 35.000, 29.000, 29.000, 30.000, 29.000, 31.000, 29.000, 31.000, 31.000
15:27:05, 36.000, 35.000, 38.000, 29.000, 35.000, 29.000, 32.000, 33.000, 33.000, 36.000, 35.000, 29.000, 29.000, 30.000, 29.000, 31.000, 29.000, 31.000, 31.000
15:27:07, 36.000, 34.000, 38.000, 28.000, 36.000, 29.000, 32.000, 33.000, 33.000, 36.000, 35.000, 29.000, 29.000, 30.000, 29.000, 31.000, 29.000, 31.000, 31.000
15:27:07, 36.000, 34.000, 38.000, 28.000, 36.000, 29.000, 32.000, 33.000, 33.000, 36.000, 35.000, 29.000, 29.000, 30.000, 29.000, 30.000, 29.000, 31.000, 31.000
15:27:08, 35.000, 34.000, 38.000, 28.000, 36.000, 29.000, 32.000, 33.000, 33.000, 36.000, 35.000, 29.000, 29.000, 30.000, 29.000, 30.000, 29.000, 31.000, 31.000
15:27:09, 35.000, 34.000, 38.000, 28.000, 35.000, 29.000, 32.000, 33.000, 33.000, 36.000, 35.000, 29.000, 29.000, 30.000, 29.000, 30.000, 29.000, 31.000, 31.000
15:27:10, 35.000, 34.000, 38.000, 28.000, 35.000, 29.000, 32.000, 33.000, 33.000, 36.000, 35.000, 29.000, 29.000, 30.000, 29.000, 30.000, 29.000, 31.000, 31.000
15:27:12, 36.000, 35.000, 38.000, 28.000, 35.000, 29.000, 32.000, 33.000, 33.000, 36.000, 35.000, 29.000, 29.000, 30.000, 29.000, 30.000, 29.000, 31.000, 31.000
15:27:13, 37.000, 36.000, 38.000, 29.000, 35.000, 28.000, 32.000, 33.000, 33.000, 36.000, 35.000, 29.000, 29.000, 30.000, 29.000, 30.000, 29.000, 31.000, 31.000
15:27:14, 37.000, 36.000, 38.000, 29.000, 35.000, 28.000, 31.000, 33.000, 33.000, 36.000, 35.000, 29.000, 29.000, 30.000, 29.000, 30.000, 29.000, 31.000, 31.000
15:27:15, 38.000, 36.000, 38.000, 29.000, 35.000, 28.000, 31.000, 33.000, 33.000, 36.000, 35.000, 29.000, 29.000, 30.000, 29.000, 30.000, 29.000, 31.000, 31.000
15:27:16, 39.000, 36.000, 38.000, 28.000, 35.000, 28.000, 31.000, 33.000, 33.000, 36.000, 35.000, 29.000, 29.000, 30.000, 29.000, 30.000, 29.000, 31.000, 31.000
15:27:17, 39.000, 36.000, 38.000, 28.000, 35.000, 28.000, 31.000, 33.000, 33.000, 36.000, 35.000, 29.000, 29.000, 30.000, 29.000, 30.000, 29.000, 31.000, 31.000
15:27:18, 39.000, 36.000, 38.000, 28.000, 35.000, 28.000, 31.000, 33.000, 33.000, 36.000, 35.000, 29.000, 29.000, 30.000, 29.000, 30.000, 29.000, 31.000, 31.000
15:27:19, 38.000, 36.000, 38.000, 28.000, 35.000, 28.000, 31.000, 33.000, 33.000, 36.000, 35.000, 30.000, 29.000, 30.000, 29.000, 30.000, 29.000, 31.000, 31.000
15:27:20, 37.000, 35.000, 38.000, 28.000, 35.000, 28.000, 32.000, 34.000, 33.000, 36.000, 35.000, 30.000, 29.000, 30.000, 29.000, 30.000, 29.000, 31.000, 31.000
15:27:21, 37.000, 35.000, 38.000, 28.000, 35.000, 28.000, 32.000, 34.000, 33.000, 36.000, 35.000, 30.000, 29.000, 30.000, 29.000, 30.000, 29.000, 31.000, 31.000
15:27:22, 37.000, 35.000, 38.000, 27.000, 35.000, 29.000, 32.000, 34.000, 33.000, 36.000, 35.000, 30.000, 29.000, 30.000, 29.000, 30.000, 29.000, 31.000, 31.000
15:27:23, 38.000, 36.000, 38.000, 27.000, 35.000, 29.000, 32.000, 33.000, 33.000, 36.000, 35.000, 30.000, 29.000, 30.000, 29.000, 30.000, 29.000, 31.000, 31.000
15:27:24, 38.000, 36.000, 38.000, 27.000, 35.000, 29.000, 32.000, 33.000, 33.000, 36.000, 35.000, 30.000, 29.000, 30.000, 29.000, 30.000, 29.000, 31.000, 31.000
15:27:25, 38.000, 36.000, 38.000, 28.000, 35.000, 28.000, 32.000, 33.000, 33.000, 36.000, 34.000, 30.000, 29.000, 30.000, 29.000, 30.000, 29.000, 31.000, 31.000
15:27:26, 38.000, 37.000, 38.000, 28.000, 35.000, 28.000, 32.000, 33.000, 33.000, 36.000, 34.000, 30.000, 29.000, 30.000, 29.000, 30.000, 29.000, 31.000, 31.000
15:27:27, 38.000, 35.000, 38.000, 28.000, 35.000, 28.000, 32.000, 33.000, 33.000, 36.000, 34.000, 30.000, 29.000, 30.000, 29.000, 30.000, 29.000, 31.000, 31.000
15:27:28, 36.000, 34.000, 38.000, 28.000, 35.000, 29.000, 32.000, 33.000, 33.000, 36.000, 34.000, 30.000, 29.000, 30.000, 29.000, 31.000, 29.000, 31.000, 31.000
15:27:29, 36.000, 35.000, 38.000, 28.000, 35.000, 29.000, 32.000, 33.000, 33.000, 36.000, 34.000, 30.000, 29.000, 30.000, 29.000, 31.000, 29.000, 31.000, 31.000
15:27:30, 37.000, 36.000, 38.000, 28.000, 35.000, 29.000, 32.000, 33.000, 33.000, 36.000, 34.000, 30.000, 29.000, 30.000, 29.000, 31.000, 29.000, 31.000, 31.000
15:27:31, 38.000, 36.000, 38.000, 28.000, 35.000, 28.000, 32.000, 33.000, 33.000, 36.000, 34.000, 30.000, 29.000, 30.000, 29.000, 31.000, 29.000, 31.000, 31.000
15:27:32, 37.000, 35.000, 38.000, 28.000, 35.000, 28.000, 32.000, 33.000, 33.000, 36.000, 34.000, 30.000, 29.000, 30.000, 29.000, 31.000, 29.000, 31.000, 31.000
15:27:33, 37.000, 35.000, 38.000, 28.000, 35.000, 28.000, 32.000, 33.000, 33.000, 36.000, 34.000, 30.000, 29.000, 30.000, 29.000, 31.000, 29.000, 31.000, 31.000
15:27:34, 36.000, 34.000, 38.000, 28.000, 35.000, 29.000, 32.000, 33.000, 33.000, 36.000, 35.000, 29.000, 29.000, 30.000, 29.000, 31.000, 29.000, 31.000, 31.000
15:27:35, 36.000, 34.000, 38.000, 28.000, 35.000, 29.000, 32.000, 33.000, 33.000, 36.000, 35.000, 29.000, 29.000, 30.000, 29.000, 31.000, 30.000, 31.000, 31.000
15:27:36, 36.000, 34.000, 38.000, 28.000, 35.000, 29.000, 32.000, 33.000, 33.000, 36.000, 35.000, 29.000, 29.000, 30.000, 29.000, 31.000, 30.000, 31.000, 31.000
15:27:37, 36.000, 34.000, 38.000, 28.000, 35.000, 29.000, 32.000, 33.000, 33.000, 36.000, 35.000, 30.000, 29.000, 30.000, 29.000, 30.000, 30.000, 31.000, 31.000
15:27:38, 35.000, 34.000, 38.000, 28.000, 35.000, 29.000, 32.000, 33.000, 33.000, 36.000, 35.000, 30.000, 29.000, 30.000, 29.000, 30.000, 29.000, 31.000, 31.000
15:27:39, 36.000, 34.000, 38.000, 28.000, 35.000, 29.000, 32.000, 33.000, 33.000, 36.000, 35.000, 30.000, 29.000, 30.000, 29.000, 30.000, 29.000, 31.000, 31.000
