15:26:39, 5775.000, 5850.000, 5550.000, 6000.000, 9375.000, 9300.000
15:26:40, 5850.000, 5775.000, 5475.000, 6000.000, 9375.000, 9375.000
15:26:41, 5850.000, 5775.000, 5550.000, 6000.000, 9375.000, 9375.000
15:26:42, 5850.000, 5775.000, 5550.000, 6000.000, 9375.000, 9300.000
15:26:43, 5775.000, 5850.000, 5550.000, 6000.000, 9375.000, 9300.000
15:26:44, 5775.000, 5850.000, 5625.000, 5925.000, 9375.000, 9375.000
15:26:45, 5850.000, 5850.000, 5550.000, 6000.000, 9375.000, 9300.000
15:26:46, 5850.000, 5850.000, 5550.000, 6000.000, 9375.000, 9300.000
15:26:47, 5850.000, 5850.000, 5625.000, 6000.000, 9375.000, 9300.000
15:26:48, 6000.000, 5775.000, 5550.000, 6000.000, 9375.000, 9375.000
15:26:49, 5850.000, 5850.000, 5625.000, 6000.000, 9375.000, 9300.000
15:26:50, 5850.000, 5850.000, 5625.000, 6000.000, 9375.000, 9300.000
15:26:51, 5775.000, 5850.000, 5700.000, 6000.000, 9375.000, 9375.000
15:26:52, 5775.000, 5850.000, 5550.000, 5925.000, 9375.000, 9375.000
15:26:53, 5850.000, 5775.000, 5625.000, 5925.000, 9375.000, 9375.000
15:26:54, 5850.000, 5850.000, 5550.000, 6000.000, 9375.000, 9300.000
15:26:55, 5850.000, 5850.000, 5550.000, 6000.000, 9375.000, 9300.000
15:26:56, 5925.000, 5775.000, 5550.000, 6000.000, 9300.000, 9375.000
15:26:57, 6000.000, 5850.000, 5550.000, 6000.000, 9375.000, 9300.000
15:26:58, 5850.000, 5775.000, 5550.000, 6000.000, 9375.000, 9375.000
15:26:59, 5850.000, 5775.000, 5550.000, 6000.000, 9375.000, 9375.000
15:27:00, 5850.000, 5775.000, 5700.000, 6000.000, 9375.000, 9375.000
15:27:01, 5925.000, 5775.000, 5550.000, 6000.000, 9375.000, 9375.000
15:27:02, 5925.000, 5775.000, 5550.000, 6000.000, 9375.000, 9375.000
15:27:03, 5850.000, 5850.000, 5625.000, 6000.000, 9375.000, 9375.000
15:27:04, 5850.000, 5775.000, 5625.000, 6000.000, 9375.000, 9375.000
15:27:05, 5850.000, 5775.000, 5625.000, 6000.000, 9375.000, 9300.000
15:27:06, 5850.000, 5775.000, 5625.000, 6000.000, 9375.000, 9300.000
15:27:07, 5925.000, 5775.000, 5550.000, 6000.000, 9375.000, 9375.000
15:27:08, 5775.000, 5775.000, 5625.000, 6000.000, 9375.000, 9375.000
15:27:09, 5850.000, 5775.000, 5625.000, 6000.000, 9375.000, 9375.000
15:27:10, 5850.000, 5775.000, 5625.000, 6000.000, 9375.000, 9375.000
15:27:11, 5925.000, 5775.000, 5550.000, 6000.000, 9375.000, 9375.000
15:27:13, 5850.000, 5850.000, 5550.000, 6000.000, 9375.000, 9300.000
15:27:14, 5850.000, 5850.000, 5625.000, 6000.000, 9375.000, 9375.000
15:27:15, 5850.000, 5850.000, 5550.000, 6000.000, 9375.000, 9300.000
15:27:16, 5925.000, 5775.000, 5550.000, 6000.000, 9375.000, 9300.000
15:27:16, 6000.000, 5775.000, 5625.000, 5925.000, 9375.000, 9375.000
15:27:18, 5925.000, 5850.000, 5625.000, 6000.000, 9375.000, 9375.000
15:27:19, 5925.000, 5850.000, 5625.000, 6000.000, 9375.000, 9375.000
15:27:20, 5850.000, 5775.000, 5700.000, 6000.000, 9375.000, 9375.000
15:27:21, 5850.000, 5775.000, 5550.000, 6000.000, 9375.000, 9375.000
15:27:22, 5850.000, 5775.000, 5550.000, 6000.000, 9375.000, 9375.000
15:27:23, 5850.000, 5775.000, 5550.000, 6000.000, 9375.000, 9300.000
15:27:24, 5775.000, 5775.000, 5550.000, 6000.000, 9375.000, 9300.000
15:27:25, 5775.000, 5775.000, 5550.000, 5925.000, 9375.000, 9375.000
15:27:26, 6000.000, 5775.000, 5550.000, 5925.000, 9375.000, 9375.000
15:27:27, 5775.000, 5775.000, 5625.000, 6000.000, 9375.000, 9375.000
15:27:28, 5850.000, 5775.000, 5475.000, 6000.000, 9375.000, 9375.000
15:27:29, 5850.000, 5775.000, 5475.000, 6000.000, 9375.000, 9375.000
15:27:30, 5850.000, 5775.000, 5475.000, 6000.000, 9375.000, 9375.000
15:27:31, 5850.000, 5775.000, 5550.000, 5925.000, 9375.000, 9300.000
15:27:32, 5925.000, 5850.000, 5550.000, 6000.000, 9375.000, 9375.000
15:27:33, 5925.000, 5775.000, 5625.000, 6000.000, 9375.000, 9375.000
15:27:34, 5925.000, 5850.000, 5550.000, 6000.000, 9375.000, 9375.000
15:27:35, 5925.000, 5850.000, 5550.000, 6000.000, 9375.000, 9375.000
15:27:36, 6000.000, 5775.000, 5625.000, 6000.000, 9375.000, 9300.000
15:27:37, 5775.000, 5775.000, 5625.000, 6000.000, 9375.000, 9375.000
15:27:38, 5775.000, 5775.000, 5625.000, 6000.000, 9375.000, 9375.000
15:27:39, 6000.000, 5775.000, 5550.000, 6000.000, 9375.000, 9375.000
