15:26:39, 27.000, 39.000, 46.000, 38.000
15:26:40, 27.000, 39.000, 46.000, 38.000
15:26:41, 27.000, 39.000, 46.000, 38.000
15:26:42, 26.000, 39.000, 46.000, 38.000
15:26:43, 26.000, 39.000, 46.000, 38.000
15:26:44, 26.000, 39.000, 46.000, 38.000
15:26:45, 26.000, 39.000, 46.000, 38.000
15:26:46, 27.000, 39.000, 46.000, 38.000
15:26:47, 27.000, 39.000, 46.000, 38.000
15:26:48, 27.000, 39.000, 46.000, 38.000
15:26:49, 27.000, 39.000, 46.000, 38.000
15:26:50, 27.000, 39.000, 46.000, 38.000
15:26:51, 27.000, 39.000, 46.000, 38.000
15:26:52, 27.000, 39.000, 46.000, 38.000
15:26:53, 27.000, 39.000, 46.000, 38.000
15:26:54, 27.000, 39.000, 46.000, 38.000
15:26:55, 27.000, 39.000, 46.000, 38.000
15:26:56, 27.000, 39.000, 46.000, 38.000
15:26:57, 27.000, 39.000, 46.000, 38.000
15:26:58, 26.000, 39.000, 46.000, 38.000
15:26:59, 26.000, 39.000, 46.000, 38.000
15:27:00, 26.000, 39.000, 46.000, 38.000
15:27:01, 26.000, 39.000, 46.000, 38.000
15:27:02, 26.000, 39.000, 46.000, 38.000
15:27:03, 26.000, 39.000, 46.000, 38.000
15:27:04, 26.000, 39.000, 46.000, 38.000
15:27:05, 26.000, 39.000, 46.000, 38.000
15:27:06, 26.000, 39.000, 46.000, 38.000
15:27:07, 26.000, 39.000, 46.000, 38.000
15:27:08, 26.000, 39.000, 46.000, 38.000
15:27:09, 26.000, 39.000, 46.000, 38.000
15:27:10, 26.000, 39.000, 46.000, 38.000
15:27:11, 26.000, 39.000, 46.000, 38.000
15:27:13, 26.000, 39.000, 46.000, 38.000
15:27:14, 26.000, 39.000, 46.000, 38.000
15:27:15, 27.000, 39.000, 46.000, 38.000
15:27:16, 27.000, 39.000, 46.000, 38.000
15:27:16, 27.000, 39.000, 46.000, 38.000
15:27:18, 26.000, 39.000, 46.000, 38.000
15:27:19, 26.000, 39.000, 46.000, 38.000
15:27:20, 26.000, 39.000, 46.000, 38.000
15:27:21, 27.000, 39.000, 46.000, 38.000
15:27:22, 27.000, 39.000, 46.000, 38.000
15:27:23, 27.000, 39.000, 46.000, 38.000
15:27:24, 27.000, 39.000, 46.000, 38.000
15:27:25, 26.000, 39.000, 46.000, 38.000
15:27:26, 26.000, 39.000, 46.000, 38.000
15:27:27, 26.000, 39.000, 46.000, 38.000
15:27:28, 27.000, 39.000, 46.000, 38.000
15:27:29, 27.000, 39.000, 46.000, 38.000
15:27:30, 27.000, 39.000, 46.000, 38.000
15:27:31, 27.000, 39.000, 46.000, 38.000
15:27:32, 27.000, 39.000, 46.000, 38.000
15:27:33, 27.000, 39.000, 46.000, 38.000
15:27:34, 27.000, 39.000, 46.000, 38.000
15:27:35, 27.000, 39.000, 46.000, 38.000
15:27:36, 27.000, 39.000, 46.000, 38.000
15:27:37, 27.000, 39.000, 46.000, 38.000
15:27:38, 27.000, 39.000, 46.000, 38.000
15:27:39, 27.000, 39.000, 46.000, 38.000
