15:26:39, 41.000, 38.000, 42.000, 28.000, 38.000, 32.000, 34.000, 33.000, 35.000, 38.000, 36.000, 29.000, 28.000, 30.000, 31.000, 32.000, 33.000, 30.000, 31.000
15:26:40, 40.000, 37.000, 42.000, 28.000, 38.000, 33.000, 33.000, 33.000, 35.000, 38.000, 36.000, 29.000, 28.000, 30.000, 31.000, 32.000, 33.000, 30.000, 31.000
15:26:41, 40.000, 37.000, 42.000, 28.000, 38.000, 33.000, 33.000, 33.000, 35.000, 38.000, 36.000, 29.000, 28.000, 30.000, 31.000, 32.000, 33.000, 30.000, 31.000
15:26:42, 40.000, 37.000, 42.000, 28.000, 38.000, 33.000, 33.000, 33.000, 35.000, 38.000, 36.000, 29.000, 28.000, 30.000, 31.000, 32.000, 33.000, 30.000, 31.000
15:26:43, 40.000, 37.000, 42.000, 28.000, 38.000, 33.000, 33.000, 33.000, 35.000, 37.000, 35.000, 29.000, 28.000, 30.000, 31.000, 32.000, 33.000, 30.000, 31.000
15:26:44, 40.000, 37.000, 42.000, 28.000, 38.000, 33.000, 33.000, 33.000, 35.000, 37.000, 35.000, 29.000, 28.000, 30.000, 31.000, 32.000, 33.000, 30.000, 31.000
15:26:45, 40.000, 37.000, 42.000, 28.000, 38.000, 33.000, 33.000, 33.000, 35.000, 37.000, 35.000, 29.000, 28.000, 30.000, 31.000, 32.000, 33.000, 30.000, 31.000
15:26:46, 40.000, 37.000, 43.000, 28.000, 38.000, 33.000, 33.000, 33.000, 35.000, 37.000, 35.000, 29.000, 28.000, 30.000, 31.000, 32.000, 33.000, 30.000, 31.000
15:26:47, 40.000, 37.000, 43.000, 28.000, 38.000, 33.000, 33.000, 33.000, 35.000, 37.000, 35.000, 29.000, 28.000, 30.000, 31.000, 32.000, 33.000, 30.000, 31.000
15:26:48, 40.000, 37.000, 43.000, 28.000, 38.000, 33.000, 33.000, 33.000, 35.000, 37.000, 35.000, 29.000, 28.000, 30.000, 31.000, 32.000, 33.000, 30.000, 31.000
15:26:49, 42.000, 37.000, 43.000, 28.000, 38.000, 32.000, 34.000, 33.000, 35.000, 37.000, 36.000, 29.000, 28.000, 30.000, 31.000, 32.000, 33.000, 30.000, 30.000
15:26:50, 42.000, 39.000, 43.000, 28.000, 38.000, 32.000, 34.000, 33.000, 35.000, 37.000, 36.000, 29.000, 28.000, 30.000, 31.000, 32.000, 33.000, 30.000, 30.000
15:26:51, 43.000, 39.000, 43.000, 28.000, 37.000, 32.000, 34.000, 34.000, 35.000, 37.000, 36.000, 29.000, 28.000, 30.000, 31.000, 32.000, 33.000, 30.000, 30.000
15:26:52, 43.000, 39.000, 43.000, 28.000, 37.000, 32.000, 34.000, 34.000, 35.000, 37.000, 36.000, 29.000, 28.000, 30.000, 31.000, 32.000, 33.000, 30.000, 31.000
15:26:53, 41.000, 37.000, 43.000, 28.000, 38.000, 32.000, 34.000, 34.000, 35.000, 37.000, 36.000, 29.000, 28.000, 30.000, 31.000, 32.000, 33.000, 30.000, 31.000
15:26:54, 41.000, 38.000, 43.000, 28.000, 38.000, 32.000, 34.000, 34.000, 35.000, 37.000, 36.000, 29.000, 28.000, 30.000, 31.000, 32.000, 33.000, 30.000, 31.000
15:26:55, 41.000, 37.000, 43.000, 28.000, 38.000, 32.000, 33.000, 33.000, 35.000, 37.000, 36.000, 29.000, 28.000, 30.000, 31.000, 32.000, 33.000, 30.000, 31.000
15:26:56, 40.000, 37.000, 43.000, 28.000, 38.000, 32.000, 33.000, 33.000, 35.000, 37.000, 36.000, 29.000, 28.000, 30.000, 31.000, 32.000, 33.000, 30.000, 31.000
15:26:57, 41.000, 38.000, 43.000, 28.000, 38.000, 33.000, 33.000, 33.000, 35.000, 37.000, 36.000, 29.000, 28.000, 30.000, 31.000, 32.000, 33.000, 30.000, 31.000
15:26:58, 40.000, 37.000, 43.000, 28.000, 38.000, 33.000, 33.000, 33.000, 35.000, 37.000, 36.000, 29.000, 28.000, 30.000, 31.000, 32.000, 33.000, 30.000, 31.000
15:26:59, 40.000, 37.000, 43.000, 28.000, 38.000, 33.000, 33.000, 33.000, 35.000, 37.000, 36.000, 29.000, 28.000, 30.000, 31.000, 32.000, 33.000, 30.000, 31.000
15:27:00, 41.000, 38.000, 43.000, 28.000, 38.000, 33.000, 33.000, 34.000, 35.000, 37.000, 35.000, 29.000, 28.000, 30.000, 31.000, 32.000, 33.000, 30.000, 31.000
15:27:01, 41.000, 38.000, 43.000, 28.000, 38.000, 33.000, 33.000, 34.000, 35.000, 37.000, 35.000, 29.000, 28.000, 30.000, 31.000, 32.000, 33.000, 30.000, 30.000
15:27:02, 41.000, 38.000, 43.000, 28.000, 38.000, 33.000, 33.000, 34.000, 35.000, 37.000, 35.000, 29.000, 28.000, 30.000, 31.000, 32.000, 33.000, 30.000, 30.000
15:27:03, 41.000, 38.000, 43.000, 28.000, 38.000, 33.000, 33.000, 33.000, 35.000, 37.000, 36.000, 29.000, 28.000, 30.000, 31.000, 32.000, 33.000, 30.000, 30.000
15:27:04, 41.000, 38.000, 43.000, 28.000, 38.000, 33.000, 33.000, 33.000, 35.000, 37.000, 36.000, 29.000, 28.000, 30.000, 31.000, 32.000, 33.000, 30.000, 31.000
15:27:06, 42.000, 39.000, 43.000, 28.000, 38.000, 33.000, 33.000, 33.000, 35.000, 37.000, 36.000, 29.000, 28.000, 30.000, 31.000, 32.000, 33.000, 30.000, 31.000
15:27:07, 42.000, 39.000, 43.000, 28.000, 38.000, 32.000, 34.000, 33.000, 35.000, 37.000, 36.000, 29.000, 28.000, 30.000, 31.000, 32.000, 33.000, 30.000, 31.000
15:27:08, 42.000, 38.000, 43.000, 28.000, 38.000, 32.000, 34.000, 33.000, 35.000, 37.000, 36.000, 29.000, 28.000, 30.000, 31.000, 32.000, 33.000, 30.000, 31.000
15:27:08, 42.000, 39.000, 43.000, 28.000, 38.000, 32.000, 34.000, 33.000, 35.000, 37.000, 36.000, 29.000, 28.000, 30.000, 31.000, 32.000, 33.000, 30.000, 31.000
15:27:09, 42.000, 38.000, 43.000, 28.000, 38.000, 32.000, 33.000, 34.000, 35.000, 37.000, 36.000, 29.000, 28.000, 30.000, 31.000, 32.000, 33.000, 30.000, 31.000
15:27:10, 41.000, 38.000, 43.000, 28.000, 38.000, 32.000, 33.000, 34.000, 35.000, 37.000, 36.000, 29.000, 28.000, 30.000, 31.000, 32.000, 33.000, 30.000, 31.000
15:27:12, 41.000, 37.000, 43.000, 28.000, 37.000, 32.000, 33.000, 34.000, 35.000, 37.000, 36.000, 29.000, 28.000, 30.000, 31.000, 32.000, 33.000, 30.000, 31.000
15:27:13, 41.000, 38.000, 43.000, 28.000, 37.000, 33.000, 33.000, 33.000, 35.000, 37.000, 36.000, 29.000, 28.000, 30.000, 31.000, 32.000, 33.000, 30.000, 31.000
15:27:14, 41.000, 37.000, 43.000, 28.000, 37.000, 33.000, 33.000, 33.000, 35.000, 37.000, 36.000, 29.000, 28.000, 30.000, 31.000, 32.000, 33.000, 30.000, 31.000
15:27:15, 41.000, 37.000, 43.000, 28.000, 38.000, 33.000, 33.000, 33.000, 35.000, 37.000, 36.000, 29.000, 28.000, 30.000, 31.000, 32.000, 33.000, 30.000, 31.000
15:27:16, 40.000, 37.000, 43.000, 28.000, 38.000, 33.000, 33.000, 34.000, 35.000, 37.000, 35.000, 29.000, 28.000, 30.000, 31.000, 32.000, 33.000, 30.000, 31.000
15:27:17, 40.000, 37.000, 43.000, 28.000, 38.000, 33.000, 33.000, 34.000, 35.000, 37.000, 35.000, 29.000, 28.000, 30.000, 31.000, 32.000, 33.000, 30.000, 31.000
15:27:18, 40.000, 37.000, 43.000, 28.000, 38.000, 33.000, 33.000, 34.000, 35.000, 37.000, 35.000, 29.000, 28.000, 30.000, 31.000, 32.000, 33.000, 30.000, 31.000
15:27:19, 41.000, 39.000, 43.000, 28.000, 38.000, 32.000, 34.000, 33.000, 35.000, 37.000, 36.000, 29.000, 28.000, 30.000, 31.000, 32.000, 33.000, 30.000, 31.000
15:27:20, 42.000, 39.000, 43.000, 28.000, 38.000, 32.000, 34.000, 33.000, 35.000, 37.000, 36.000, 29.000, 28.000, 30.000, 31.000, 32.000, 33.000, 30.000, 31.000
15:27:21, 42.000, 39.000, 43.000, 28.000, 38.000, 32.000, 34.000, 33.000, 35.000, 37.000, 36.000, 29.000, 28.000, 30.000, 31.000, 32.000, 33.000, 30.000, 31.000
15:27:22, 42.000, 39.000, 43.000, 28.000, 38.000, 32.000, 34.000, 33.000, 35.000, 37.000, 36.000, 29.000, 28.000, 30.000, 31.000, 32.000, 33.000, 30.000, 31.000
15:27:23, 41.000, 38.000, 42.000, 28.000, 38.000, 32.000, 34.000, 33.000, 35.000, 37.000, 36.000, 29.000, 28.000, 30.000, 31.000, 32.000, 33.000, 30.000, 30.000
15:27:24, 42.000, 39.000, 42.000, 28.000, 37.000, 32.000, 34.000, 33.000, 35.000, 37.000, 36.000, 29.000, 28.000, 30.000, 31.000, 32.000, 33.000, 30.000, 30.000
15:27:25, 42.000, 39.000, 42.000, 28.000, 37.000, 33.000, 33.000, 33.000, 35.000, 37.000, 36.000, 29.000, 28.000, 30.000, 31.000, 32.000, 33.000, 30.000, 30.000
15:27:26, 41.000, 37.000, 43.000, 28.000, 37.000, 33.000, 33.000, 33.000, 35.000, 37.000, 36.000, 29.000, 28.000, 30.000, 31.000, 32.000, 33.000, 30.000, 30.000
15:27:27, 40.000, 37.000, 43.000, 28.000, 37.000, 33.000, 33.000, 33.000, 35.000, 37.000, 36.000, 29.000, 28.000, 30.000, 31.000, 32.000, 32.000, 30.000, 30.000
15:27:28, 40.000, 37.000, 43.000, 28.000, 37.000, 33.000, 33.000, 33.000, 35.000, 37.000, 36.000, 29.000, 28.000, 30.000, 31.000, 32.000, 32.000, 30.000, 30.000
15:27:29, 40.000, 37.000, 43.000, 28.000, 37.000, 33.000, 33.000, 33.000, 35.000, 37.000, 36.000, 29.000, 28.000, 30.000, 31.000, 32.000, 32.000, 30.000, 30.000
15:27:30, 40.000, 37.000, 43.000, 28.000, 38.000, 33.000, 33.000, 33.000, 35.000, 37.000, 36.000, 29.000, 28.000, 30.000, 31.000, 32.000, 32.000, 30.000, 30.000
15:27:31, 41.000, 37.000, 43.000, 28.000, 38.000, 33.000, 33.000, 33.000, 35.000, 37.000, 36.000, 29.000, 28.000, 30.000, 31.000, 32.000, 32.000, 30.000, 30.000
15:27:32, 40.000, 37.000, 43.000, 28.000, 38.000, 33.000, 33.000, 33.000, 35.000, 37.000, 36.000, 29.000, 28.000, 30.000, 31.000, 32.000, 32.000, 30.000, 30.000
15:27:33, 40.000, 37.000, 42.000, 28.000, 38.000, 33.000, 33.000, 33.000, 35.000, 37.000, 36.000, 29.000, 28.000, 30.000, 31.000, 32.000, 32.000, 30.000, 30.000
15:27:34, 42.000, 38.000, 42.000, 28.000, 38.000, 32.000, 33.000, 33.000, 34.000, 37.000, 36.000, 29.000, 28.000, 30.000, 31.000, 32.000, 32.000, 30.000, 30.000
15:27:35, 41.000, 38.000, 43.000, 28.000, 38.000, 32.000, 33.000, 33.000, 34.000, 37.000, 36.000, 29.000, 28.000, 30.000, 31.000, 32.000, 32.000, 30.000, 30.000
15:27:36, 42.000, 39.000, 43.000, 28.000, 38.000, 32.000, 33.000, 33.000, 34.000, 37.000, 36.000, 29.000, 28.000, 30.000, 31.000, 32.000, 32.000, 30.000, 30.000
15:27:37, 42.000, 38.000, 43.000, 28.000, 38.000, 32.000, 33.000, 33.000, 35.000, 37.000, 36.000, 29.000, 28.000, 30.000, 31.000, 32.000, 32.000, 30.000, 30.000
15:27:38, 42.000, 39.000, 42.000, 28.000, 38.000, 32.000, 33.000, 33.000, 35.000, 37.000, 36.000, 29.000, 28.000, 30.000, 31.000, 32.000, 32.000, 30.000, 31.000
15:27:39, 42.000, 38.000, 42.000, 28.000, 38.000, 32.000, 33.000, 33.000, 35.000, 37.000, 36.000, 29.000, 28.000, 30.000, 31.000, 32.000, 32.000, 30.000, 31.000
