15:26:39, 2100.000, 3200.000, 3000.000
15:26:40, 2100.000, 3200.000, 3000.000
15:26:41, 2100.000, 3200.000, 3000.000
15:26:42, 2100.000, 3200.000, 3000.000
15:26:43, 2100.000, 3200.000, 3000.000
15:26:44, 2100.000, 3200.000, 3000.000
15:26:45, 2100.000, 3200.000, 3000.000
15:26:46, 2100.000, 3200.000, 3000.000
15:26:47, 2100.000, 3200.000, 3000.000
15:26:48, 2100.000, 3200.000, 3000.000
15:26:49, 2100.000, 3200.000, 3000.000
15:26:50, 2100.000, 3200.000, 3000.000
15:26:51, 2100.000, 3200.000, 3000.000
15:26:52, 2100.000, 3200.000, 3000.000
15:26:53, 2100.000, 3200.000, 3000.000
15:26:54, 2100.000, 3200.000, 3000.000
15:26:55, 2100.000, 3200.000, 3000.000
15:26:56, 2100.000, 3200.000, 3000.000
15:26:57, 2100.000, 3200.000, 3000.000
15:26:58, 2100.000, 3200.000, 3000.000
15:26:59, 2100.000, 3200.000, 3000.000
15:27:00, 2100.000, 3200.000, 3000.000
15:27:01, 2100.000, 3200.000, 3000.000
15:27:02, 2100.000, 3200.000, 3000.000
15:27:03, 2100.000, 3200.000, 3000.000
15:27:04, 2100.000, 3200.000, 3000.000
15:27:05, 2100.000, 3200.000, 3000.000
15:27:06, 2100.000, 3200.000, 3000.000
15:27:07, 2100.000, 3200.000, 3000.000
15:27:08, 2100.000, 3200.000, 3000.000
15:27:09, 2100.000, 3200.000, 3000.000
15:27:10, 2100.000, 3200.000, 3000.000
15:27:11, 2100.000, 3200.000, 3000.000
15:27:12, 2100.000, 3200.000, 3000.000
15:27:13, 2100.000, 3200.000, 3000.000
15:27:14, 2100.000, 3200.000, 3000.000
15:27:15, 2100.000, 3200.000, 3000.000
15:27:16, 2100.000, 3200.000, 3000.000
15:27:17, 2100.000, 3200.000, 3000.000
15:27:18, 2100.000, 3200.000, 3000.000
15:27:20, 2100.000, 3200.000, 3000.000
15:27:21, 2100.000, 3200.000, 3000.000
15:27:22, 2100.000, 3200.000, 3000.000
15:27:22, 2100.000, 3200.000, 3000.000
15:27:23, 2100.000, 3200.000, 3000.000
15:27:24, 2100.000, 3200.000, 3000.000
15:27:26, 2100.000, 3200.000, 3000.000
15:27:27, 2100.000, 3200.000, 3000.000
15:27:28, 2100.000, 3200.000, 3000.000
15:27:29, 2100.000, 3200.000, 3000.000
15:27:30, 2100.000, 3200.000, 3000.000
15:27:31, 2100.000, 3200.000, 3000.000
15:27:32, 2100.000, 3200.000, 3000.000
15:27:33, 2100.000, 3200.000, 3000.000
15:27:34, 2100.000, 3200.000, 3000.000
15:27:35, 2100.000, 3200.000, 3000.000
15:27:36, 2100.000, 3200.000, 3000.000
15:27:37, 2100.000, 3200.000, 3000.000
15:27:38, 2100.000, 3200.000, 3000.000
15:27:39, 2100.000, 3200.000, 3000.000
