15:26:39, 41.000, 38.000, 33.000, 43.000, 45.000, 36.000, 36.000
15:26:40, 42.000, 38.000, 33.000, 43.000, 45.000, 36.000, 36.000
15:26:41, 41.000, 38.000, 33.000, 43.000, 45.000, 36.000, 36.000
15:26:42, 40.000, 38.000, 33.000, 43.000, 44.000, 36.000, 36.000
15:26:43, 40.000, 38.000, 33.000, 43.000, 44.000, 36.000, 36.000
15:26:44, 40.000, 38.000, 33.000, 43.000, 44.000, 36.000, 36.000
15:26:45, 40.000, 38.000, 33.000, 43.000, 44.000, 36.000, 36.000
15:26:46, 40.000, 38.000, 33.000, 43.000, 44.000, 36.000, 36.000
15:26:47, 40.000, 38.000, 33.000, 43.000, 44.000, 36.000, 36.000
15:26:48, 40.000, 38.000, 33.000, 43.000, 44.000, 36.000, 36.000
15:26:49, 40.000, 38.000, 33.000, 43.000, 44.000, 36.000, 36.000
15:26:50, 40.000, 38.000, 33.000, 43.000, 44.000, 36.000, 36.000
15:26:51, 41.000, 38.000, 33.000, 43.000, 44.000, 36.000, 36.000
15:26:52, 40.000, 38.000, 33.000, 43.000, 44.000, 36.000, 36.000
15:26:53, 40.000, 38.000, 33.000, 43.000, 44.000, 36.000, 36.000
15:26:54, 41.000, 38.000, 33.000, 43.000, 45.000, 36.000, 36.000
15:26:55, 41.000, 38.000, 33.000, 43.000, 45.000, 36.000, 36.000
15:26:56, 41.000, 38.000, 33.000, 43.000, 45.000, 36.000, 36.000
15:26:57, 40.000, 38.000, 33.000, 43.000, 45.000, 36.000, 36.000
15:26:58, 40.000, 38.000, 33.000, 43.000, 45.000, 36.000, 36.000
15:26:59, 40.000, 38.000, 33.000, 43.000, 44.000, 36.000, 36.000
15:27:00, 41.000, 38.000, 33.000, 43.000, 44.000, 36.000, 36.000
15:27:01, 40.000, 38.000, 33.000, 43.000, 44.000, 36.000, 36.000
15:27:02, 40.000, 38.000, 33.000, 43.000, 44.000, 36.000, 36.000
15:27:03, 40.000, 38.000, 33.000, 43.000, 44.000, 36.000, 36.000
15:27:04, 40.000, 38.000, 33.000, 43.000, 44.000, 36.000, 36.000
15:27:05, 41.000, 38.000, 33.000, 43.000, 44.000, 36.000, 36.000
15:27:06, 40.000, 38.000, 33.000, 43.000, 44.000, 36.000, 36.000
15:27:07, 40.000, 38.000, 33.000, 43.000, 44.000, 36.000, 36.000
15:27:08, 41.000, 38.000, 33.000, 43.000, 45.000, 36.000, 36.000
15:27:09, 40.000, 38.000, 33.000, 43.000, 45.000, 36.000, 36.000
15:27:10, 41.000, 38.000, 33.000, 43.000, 45.000, 36.000, 36.000
15:27:11, 40.000, 38.000, 33.000, 43.000, 45.000, 36.000, 36.000
15:27:12, 41.000, 38.000, 33.000, 43.000, 45.000, 36.000, 36.000
15:27:13, 40.000, 38.000, 33.000, 43.000, 45.000, 36.000, 36.000
15:27:14, 41.000, 38.000, 33.000, 43.000, 45.000, 36.000, 36.000
15:27:15, 41.000, 38.000, 33.000, 43.000, 45.000, 36.000, 36.000
15:27:16, 41.000, 38.000, 33.000, 43.000, 45.000, 36.000, 36.000
15:27:17, 41.000, 38.000, 33.000, 43.000, 44.000, 36.000, 36.000
15:27:18, 40.000, 38.000, 33.000, 43.000, 44.000, 36.000, 36.000
15:27:20, 40.000, 38.000, 33.000, 43.000, 44.000, 36.000, 36.000
15:27:21, 42.000, 38.000, 33.000, 43.000, 44.000, 36.000, 36.000
15:27:22, 40.000, 38.000, 33.000, 43.000, 44.000, 36.000, 36.000
15:27:22, 40.000, 38.000, 33.000, 43.000, 44.000, 36.000, 36.000
15:27:23, 42.000, 38.000, 33.000, 43.000, 44.000, 36.000, 36.000
15:27:24, 42.000, 38.000, 33.000, 43.000, 44.000, 36.000, 36.000
15:27:26, 41.000, 38.000, 33.000, 43.000, 44.000, 36.000, 36.000
15:27:27, 40.000, 38.000, 33.000, 43.000, 45.000, 36.000, 36.000
15:27:28, 41.000, 38.000, 33.000, 43.000, 45.000, 36.000, 36.000
15:27:29, 41.000, 38.000, 33.000, 43.000, 45.000, 36.000, 36.000
15:27:30, 42.000, 38.000, 33.000, 43.000, 45.000, 36.000, 36.000
15:27:31, 41.000, 38.000, 33.000, 43.000, 45.000, 36.000, 36.000
15:27:32, 43.000, 38.000, 33.000, 43.000, 45.000, 36.000, 36.000
15:27:33, 40.000, 38.000, 33.000, 43.000, 43.000, 36.000, 36.000
15:27:34, 40.000, 38.000, 33.000, 43.000, 43.000, 36.000, 36.000
15:27:35, 41.000, 38.000, 33.000, 43.000, 43.000, 36.000, 36.000
15:27:36, 41.000, 38.000, 33.000, 43.000, 44.000, 36.000, 36.000
15:27:37, 41.000, 38.000, 33.000, 43.000, 44.000, 36.000, 36.000
15:27:38, 41.000, 38.000, 33.000, 43.000, 44.000, 36.000, 36.000
15:27:39, 41.000, 38.000, 33.000, 43.000, 44.000, 36.000, 36.000
