15:26:39, 7200.000, 7275.000, 6675.000
15:26:40, 7200.000, 7275.000, 6675.000
15:26:41, 7125.000, 7275.000, 6825.000
15:26:42, 7200.000, 7275.000, 7050.000
15:26:43, 7200.000, 7275.000, 7050.000
15:26:44, 7200.000, 7275.000, 7050.000
15:26:45, 7200.000, 7275.000, 7050.000
15:26:46, 7275.000, 7275.000, 6675.000
15:26:47, 7275.000, 7275.000, 6825.000
15:26:48, 7275.000, 7275.000, 6825.000
15:26:49, 7125.000, 7275.000, 6825.000
15:26:50, 7125.000, 7275.000, 7050.000
15:26:51, 7200.000, 7275.000, 6900.000
15:26:52, 7125.000, 7275.000, 6900.000
15:26:53, 7125.000, 7275.000, 6900.000
15:26:54, 7125.000, 7275.000, 6825.000
15:26:55, 7200.000, 7275.000, 6825.000
15:26:56, 7200.000, 7275.000, 6825.000
15:26:57, 7200.000, 7275.000, 6825.000
15:26:58, 7275.000, 7200.000, 6675.000
15:26:59, 7275.000, 7200.000, 7050.000
15:27:00, 7200.000, 7200.000, 6675.000
15:27:01, 7200.000, 7200.000, 6675.000
15:27:02, 7125.000, 7200.000, 6675.000
15:27:03, 7125.000, 7275.000, 7050.000
15:27:04, 7200.000, 7275.000, 6825.000
15:27:05, 7200.000, 7275.000, 6825.000
15:27:06, 7275.000, 7275.000, 6900.000
15:27:07, 7125.000, 7275.000, 6825.000
15:27:08, 7125.000, 7275.000, 6825.000
15:27:09, 7125.000, 7275.000, 6825.000
15:27:10, 7050.000, 7275.000, 7050.000
15:27:11, 7275.000, 7275.000, 6675.000
15:27:13, 7125.000, 7200.000, 7050.000
15:27:14, 7125.000, 7200.000, 6675.000
15:27:14, 7125.000, 7200.000, 6675.000
15:27:15, 7125.000, 7200.000, 6675.000
15:27:16, 7200.000, 7200.000, 7050.000
15:27:17, 7125.000, 7200.000, 7050.000
15:27:19, 7125.000, 7200.000, 7050.000
15:27:20, 7050.000, 7200.000, 6675.000
15:27:21, 7125.000, 7200.000, 6825.000
15:27:22, 7200.000, 7275.000, 6825.000
15:27:23, 7200.000, 7275.000, 6825.000
15:27:24, 7200.000, 7275.000, 6825.000
15:27:25, 7275.000, 7275.000, 7050.000
15:27:26, 7125.000, 7275.000, 6675.000
15:27:27, 7125.000, 7200.000, 7050.000
15:27:28, 7125.000, 7200.000, 7050.000
15:27:29, 7200.000, 7200.000, 7050.000
15:27:30, 7200.000, 7200.000, 6675.000
15:27:31, 7200.000, 7200.000, 6825.000
15:27:32, 7200.000, 7200.000, 6825.000
15:27:33, 7125.000, 7275.000, 6675.000
15:27:34, 7125.000, 7275.000, 6825.000
15:27:35, 7275.000, 7275.000, 6825.000
15:27:36, 7275.000, 7275.000, 6825.000
15:27:37, 7275.000, 7275.000, 6825.000
15:27:38, 7125.000, 7275.000, 6825.000
15:27:39, 7200.000, 7275.000, 6900.000
