15:26:39, 42.000, 41.000, 33.000, 44.000, 52.000, 40.000, 37.000, 38.000, 38.000, 36.000, 36.000, 37.000, 35.000
15:26:40, 41.000, 40.000, 33.000, 44.000, 52.000, 40.000, 37.000, 38.000, 38.000, 36.000, 36.000, 37.000, 35.000
15:26:41, 42.000, 40.000, 33.000, 44.000, 52.000, 40.000, 37.000, 38.000, 38.000, 36.000, 36.000, 37.000, 35.000
15:26:42, 42.000, 41.000, 33.000, 44.000, 52.000, 40.000, 38.000, 38.000, 38.000, 35.000, 36.000, 36.000, 34.000
15:26:43, 42.000, 41.000, 33.000, 44.000, 52.000, 40.000, 38.000, 38.000, 38.000, 35.000, 36.000, 36.000, 34.000
15:26:44, 41.000, 40.000, 33.000, 44.000, 52.000, 40.000, 38.000, 38.000, 38.000, 35.000, 36.000, 36.000, 34.000
15:26:45, 42.000, 41.000, 33.000, 44.000, 52.000, 40.000, 38.000, 38.000, 38.000, 35.000, 36.000, 36.000, 34.000
15:26:46, 41.000, 41.000, 33.000, 44.000, 52.000, 40.000, 37.000, 38.000, 38.000, 35.000, 36.000, 36.000, 34.000
15:26:47, 41.000, 41.000, 33.000, 44.000, 52.000, 40.000, 37.000, 38.000, 38.000, 35.000, 36.000, 36.000, 34.000
15:26:48, 42.000, 40.000, 33.000, 44.000, 52.000, 40.000, 37.000, 38.000, 38.000, 35.000, 36.000, 36.000, 34.000
15:26:49, 43.000, 40.000, 33.000, 44.000, 52.000, 40.000, 37.000, 38.000, 38.000, 35.000, 36.000, 36.000, 34.000
15:26:50, 43.000, 40.000, 33.000, 44.000, 52.000, 40.000, 37.000, 38.000, 38.000, 35.000, 36.000, 36.000, 34.000
15:26:51, 43.000, 40.000, 33.000, 44.000, 52.000, 40.000, 37.000, 38.000, 38.000, 35.000, 36.000, 36.000, 34.000
15:26:52, 43.000, 40.000, 33.000, 44.000, 52.000, 40.000, 37.000, 38.000, 38.000, 35.000, 36.000, 36.000, 34.000
15:26:53, 42.000, 40.000, 33.000, 44.000, 52.000, 40.000, 37.000, 38.000, 38.000, 35.000, 36.000, 36.000, 34.000
15:26:54, 41.000, 40.000, 33.000, 44.000, 52.000, 40.000, 38.000, 38.000, 38.000, 35.000, 36.000, 36.000, 34.000
15:26:55, 41.000, 40.000, 33.000, 44.000, 52.000, 40.000, 38.000, 38.000, 38.000, 35.000, 36.000, 36.000, 34.000
15:26:56, 41.000, 40.000, 33.000, 44.000, 52.000, 40.000, 38.000, 38.000, 38.000, 35.000, 36.000, 36.000, 34.000
15:26:57, 41.000, 40.000, 33.000, 44.000, 52.000, 40.000, 38.000, 38.000, 38.000, 35.000, 36.000, 36.000, 34.000
15:26:58, 41.000, 40.000, 33.000, 44.000, 52.000, 40.000, 37.000, 38.000, 38.000, 35.000, 36.000, 36.000, 34.000
15:26:59, 41.000, 41.000, 33.000, 44.000, 52.000, 40.000, 37.000, 38.000, 38.000, 35.000, 36.000, 36.000, 34.000
15:27:00, 41.000, 41.000, 33.000, 44.000, 52.000, 40.000, 37.000, 38.000, 38.000, 35.000, 36.000, 36.000, 34.000
15:27:01, 41.000, 41.000, 33.000, 44.000, 52.000, 40.000, 37.000, 38.000, 38.000, 35.000, 36.000, 36.000, 34.000
15:27:02, 41.000, 41.000, 33.000, 44.000, 52.000, 40.000, 38.000, 38.000, 38.000, 36.000, 36.000, 37.000, 35.000
15:27:03, 41.000, 41.000, 33.000, 44.000, 52.000, 40.000, 38.000, 38.000, 38.000, 36.000, 36.000, 37.000, 35.000
15:27:04, 43.000, 41.000, 33.000, 44.000, 52.000, 40.000, 38.000, 38.000, 38.000, 36.000, 36.000, 37.000, 35.000
15:27:05, 43.000, 41.000, 33.000, 44.000, 52.000, 40.000, 38.000, 38.000, 38.000, 36.000, 36.000, 37.000, 35.000
15:27:06, 43.000, 41.000, 33.000, 44.000, 52.000, 40.000, 37.000, 38.000, 38.000, 36.000, 37.000, 37.000, 35.000
15:27:07, 41.000, 41.000, 33.000, 44.000, 52.000, 40.000, 37.000, 38.000, 38.000, 36.000, 37.000, 37.000, 35.000
15:27:08, 42.000, 41.000, 33.000, 44.000, 52.000, 40.000, 37.000, 38.000, 38.000, 36.000, 37.000, 37.000, 35.000
15:27:09, 42.000, 41.000, 33.000, 44.000, 52.000, 40.000, 37.000, 38.000, 38.000, 36.000, 37.000, 37.000, 35.000
15:27:10, 43.000, 41.000, 33.000, 44.000, 52.000, 40.000, 37.000, 38.000, 38.000, 36.000, 36.000, 37.000, 35.000
15:27:11, 41.000, 42.000, 33.000, 44.000, 52.000, 40.000, 37.000, 38.000, 38.000, 36.000, 36.000, 37.000, 35.000
15:27:13, 41.000, 42.000, 33.000, 44.000, 52.000, 40.000, 37.000, 38.000, 38.000, 36.000, 36.000, 37.000, 35.000
15:27:14, 42.000, 42.000, 33.000, 44.000, 52.000, 40.000, 37.000, 38.000, 38.000, 36.000, 36.000, 37.000, 35.000
15:27:14, 42.000, 42.000, 33.000, 44.000, 52.000, 40.000, 37.000, 38.000, 38.000, 36.000, 36.000, 37.000, 35.000
15:27:15, 42.000, 41.000, 33.000, 44.000, 52.000, 40.000, 37.000, 38.000, 38.000, 36.000, 36.000, 37.000, 35.000
15:27:16, 42.000, 41.000, 33.000, 44.000, 52.000, 40.000, 37.000, 38.000, 38.000, 36.000, 36.000, 37.000, 35.000
15:27:17, 42.000, 41.000, 33.000, 44.000, 52.000, 40.000, 37.000, 38.000, 38.000, 36.000, 36.000, 36.000, 35.000
15:27:19, 42.000, 41.000, 33.000, 44.000, 52.000, 40.000, 37.000, 38.000, 38.000, 36.000, 36.000, 36.000, 35.000
15:27:20, 42.000, 40.000, 33.000, 44.000, 52.000, 40.000, 37.000, 38.000, 38.000, 36.000, 36.000, 36.000, 35.000
15:27:21, 41.000, 41.000, 33.000, 44.000, 52.000, 40.000, 37.000, 38.000, 38.000, 36.000, 36.000, 36.000, 35.000
15:27:22, 43.000, 40.000, 33.000, 44.000, 52.000, 40.000, 37.000, 38.000, 38.000, 35.000, 36.000, 36.000, 34.000
15:27:23, 43.000, 40.000, 33.000, 44.000, 52.000, 40.000, 37.000, 38.000, 38.000, 35.000, 36.000, 36.000, 34.000
15:27:24, 43.000, 40.000, 33.000, 44.000, 52.000, 40.000, 37.000, 38.000, 38.000, 35.000, 36.000, 36.000, 34.000
15:27:25, 43.000, 41.000, 33.000, 44.000, 52.000, 40.000, 37.000, 38.000, 38.000, 35.000, 36.000, 36.000, 34.000
15:27:26, 43.000, 41.000, 33.000, 44.000, 52.000, 40.000, 37.000, 38.000, 38.000, 35.000, 36.000, 36.000, 34.000
15:27:27, 43.000, 40.000, 33.000, 44.000, 52.000, 40.000, 37.000, 38.000, 38.000, 35.000, 36.000, 36.000, 34.000
15:27:28, 43.000, 40.000, 33.000, 44.000, 52.000, 40.000, 37.000, 38.000, 38.000, 35.000, 36.000, 36.000, 34.000
15:27:29, 42.000, 41.000, 33.000, 44.000, 52.000, 40.000, 37.000, 38.000, 38.000, 35.000, 36.000, 36.000, 34.000
15:27:30, 42.000, 40.000, 33.000, 44.000, 52.000, 40.000, 37.000, 38.000, 38.000, 35.000, 36.000, 36.000, 34.000
15:27:31, 42.000, 40.000, 33.000, 44.000, 52.000, 40.000, 37.000, 38.000, 38.000, 35.000, 36.000, 36.000, 34.000
15:27:32, 41.000, 41.000, 33.000, 44.000, 52.000, 40.000, 37.000, 38.000, 38.000, 35.000, 36.000, 36.000, 34.000
15:27:33, 41.000, 41.000, 33.000, 44.000, 52.000, 40.000, 37.000, 38.000, 38.000, 35.000, 36.000, 36.000, 34.000
15:27:34, 43.000, 40.000, 33.000, 44.000, 52.000, 40.000, 38.000, 38.000, 38.000, 35.000, 36.000, 36.000, 34.000
15:27:35, 42.000, 40.000, 33.000, 44.000, 52.000, 40.000, 38.000, 38.000, 38.000, 35.000, 36.000, 36.000, 34.000
15:27:36, 42.000, 40.000, 33.000, 44.000, 52.000, 40.000, 38.000, 38.000, 38.000, 35.000, 36.000, 36.000, 34.000
15:27:37, 43.000, 40.000, 33.000, 44.000, 52.000, 40.000, 38.000, 38.000, 38.000, 35.000, 36.000, 36.000, 34.000
15:27:38, 41.000, 41.000, 33.000, 44.000, 52.000, 40.000, 37.000, 38.000, 38.000, 35.000, 36.000, 36.000, 34.000
15:27:39, 42.000, 40.000, 33.000, 44.000, 52.000, 40.000, 37.000, 38.000, 38.000, 35.000, 36.000, 36.000, 34.000
