15:26:39, 7350.000, 7875.000, 7500.000
15:26:40, 7350.000, 7875.000, 7500.000
15:26:41, 7500.000, 7950.000, 7500.000
15:26:42, 7500.000, 7950.000, 7500.000
15:26:43, 7575.000, 7575.000, 7500.000
15:26:44, 7500.000, 7650.000, 7425.000
15:26:45, 7800.000, 7650.000, 7425.000
15:26:46, 7800.000, 7650.000, 7425.000
15:26:47, 7800.000, 7800.000, 7500.000
15:26:48, 7725.000, 7575.000, 7500.000
15:26:49, 7350.000, 7950.000, 7425.000
15:26:50, 7350.000, 7950.000, 7425.000
15:26:51, 7350.000, 7800.000, 7500.000
15:26:52, 7575.000, 7575.000, 7500.000
15:26:53, 7575.000, 7575.000, 7500.000
15:26:54, 7350.000, 7950.000, 7500.000
15:26:55, 7350.000, 7950.000, 7500.000
15:26:56, 7500.000, 7800.000, 7500.000
15:26:57, 7500.000, 7650.000, 7500.000
15:26:58, 7275.000, 7800.000, 7500.000
15:26:59, 7275.000, 7800.000, 7500.000
15:27:00, 7275.000, 7800.000, 7500.000
15:27:01, 7500.000, 7575.000, 7500.000
15:27:02, 7500.000, 7575.000, 7500.000
15:27:03, 7575.000, 7875.000, 7500.000
15:27:04, 7275.000, 7800.000, 7500.000
15:27:05, 7725.000, 7575.000, 7500.000
15:27:06, 7350.000, 7575.000, 7500.000
15:27:07, 7350.000, 7575.000, 7500.000
15:27:08, 7350.000, 7650.000, 7500.000
15:27:09, 7350.000, 7650.000, 7500.000
15:27:10, 7575.000, 7800.000, 7425.000
15:27:11, 7575.000, 7800.000, 7425.000
15:27:12, 7350.000, 7650.000, 7500.000
15:27:13, 7350.000, 7950.000, 7500.000
15:27:14, 7350.000, 7950.000, 7500.000
15:27:15, 7500.000, 7500.000, 7500.000
15:27:16, 7800.000, 7500.000, 7500.000
15:27:17, 7800.000, 7650.000, 7500.000
15:27:19, 7800.000, 7650.000, 7500.000
15:27:20, 7575.000, 7800.000, 7575.000
15:27:21, 7800.000, 7875.000, 7500.000
15:27:22, 7575.000, 7800.000, 7500.000
15:27:23, 7575.000, 7800.000, 7500.000
15:27:23, 7350.000, 7650.000, 7500.000
15:27:25, 7350.000, 7650.000, 7500.000
15:27:26, 7800.000, 7800.000, 7500.000
15:27:27, 7350.000, 7650.000, 7500.000
15:27:28, 7350.000, 7650.000, 7500.000
15:27:29, 7800.000, 7875.000, 7500.000
15:27:30, 7800.000, 7575.000, 7500.000
15:27:31, 7800.000, 7575.000, 7500.000
15:27:32, 7800.000, 7575.000, 7500.000
15:27:33, 7800.000, 7875.000, 7500.000
15:27:34, 7500.000, 7800.000, 7425.000
15:27:35, 7350.000, 7950.000, 7425.000
15:27:36, 7350.000, 7950.000, 7500.000
15:27:37, 7725.000, 7500.000, 7500.000
15:27:38, 7725.000, 7500.000, 7500.000
15:27:39, 7725.000, 7650.000, 7500.000
