15:26:39, 46.000, 44.000, 32.000, 42.000, 45.000
15:26:40, 45.000, 42.000, 32.000, 42.000, 45.000
15:26:41, 46.000, 43.000, 32.000, 42.000, 45.000
15:26:42, 45.000, 42.000, 32.000, 42.000, 45.000
15:26:43, 45.000, 42.000, 32.000, 42.000, 45.000
15:26:44, 46.000, 42.000, 32.000, 42.000, 45.000
15:26:45, 45.000, 42.000, 32.000, 42.000, 45.000
15:26:46, 45.000, 42.000, 32.000, 42.000, 45.000
15:26:47, 45.000, 42.000, 32.000, 42.000, 45.000
15:26:48, 45.000, 42.000, 32.000, 42.000, 45.000
15:26:49, 46.000, 42.000, 32.000, 42.000, 45.000
15:26:50, 45.000, 42.000, 32.000, 42.000, 45.000
15:26:51, 45.000, 42.000, 32.000, 42.000, 45.000
15:26:52, 45.000, 42.000, 32.000, 42.000, 45.000
15:26:53, 45.000, 42.000, 32.000, 42.000, 45.000
15:26:54, 46.000, 42.000, 32.000, 42.000, 45.000
15:26:55, 46.000, 42.000, 32.000, 42.000, 45.000
15:26:56, 45.000, 42.000, 32.000, 42.000, 45.000
15:26:57, 45.000, 42.000, 32.000, 42.000, 45.000
15:26:58, 45.000, 42.000, 32.000, 42.000, 45.000
15:26:59, 45.000, 42.000, 32.000, 42.000, 45.000
15:27:00, 46.000, 43.000, 32.000, 42.000, 45.000
15:27:01, 46.000, 44.000, 32.000, 42.000, 45.000
15:27:02, 46.000, 44.000, 32.000, 42.000, 45.000
15:27:03, 46.000, 43.000, 32.000, 42.000, 45.000
15:27:04, 46.000, 42.000, 32.000, 42.000, 45.000
15:27:05, 46.000, 42.000, 32.000, 42.000, 45.000
15:27:06, 46.000, 42.000, 32.000, 42.000, 45.000
15:27:07, 46.000, 42.000, 32.000, 42.000, 45.000
15:27:08, 46.000, 42.000, 32.000, 42.000, 45.000
15:27:09, 46.000, 42.000, 32.000, 42.000, 45.000
15:27:10, 46.000, 44.000, 32.000, 42.000, 45.000
15:27:11, 45.000, 42.000, 32.000, 42.000, 45.000
15:27:12, 46.000, 42.000, 32.000, 42.000, 45.000
15:27:13, 46.000, 43.000, 32.000, 42.000, 45.000
15:27:14, 46.000, 43.000, 32.000, 42.000, 45.000
15:27:15, 46.000, 42.000, 32.000, 42.000, 45.000
15:27:16, 45.000, 42.000, 32.000, 42.000, 45.000
15:27:17, 45.000, 42.000, 32.000, 42.000, 45.000
15:27:19, 45.000, 42.000, 32.000, 42.000, 45.000
15:27:20, 45.000, 42.000, 32.000, 42.000, 45.000
15:27:21, 45.000, 43.000, 32.000, 42.000, 45.000
15:27:22, 45.000, 42.000, 32.000, 42.000, 45.000
15:27:23, 45.000, 42.000, 32.000, 42.000, 45.000
15:27:23, 45.000, 42.000, 32.000, 42.000, 45.000
15:27:25, 46.000, 42.000, 32.000, 42.000, 45.000
15:27:26, 47.000, 42.000, 32.000, 42.000, 45.000
15:27:27, 45.000, 42.000, 32.000, 42.000, 45.000
15:27:28, 45.000, 42.000, 32.000, 42.000, 45.000
15:27:29, 46.000, 42.000, 32.000, 42.000, 45.000
15:27:30, 46.000, 42.000, 32.000, 42.000, 45.000
15:27:31, 46.000, 41.000, 32.000, 42.000, 45.000
15:27:32, 46.000, 41.000, 32.000, 42.000, 45.000
15:27:33, 47.000, 42.000, 32.000, 42.000, 45.000
15:27:34, 46.000, 42.000, 32.000, 42.000, 45.000
15:27:35, 45.000, 42.000, 32.000, 42.000, 45.000
15:27:36, 45.000, 42.000, 32.000, 42.000, 45.000
15:27:37, 45.000, 42.000, 32.000, 42.000, 45.000
15:27:38, 47.000, 41.000, 32.000, 42.000, 45.000
15:27:39, 46.000, 41.000, 32.000, 42.000, 45.000
