15:26:39, 4000.000, 4100.000, 4100.000
15:26:40, 4000.000, 4100.000, 4100.000
15:26:41, 4000.000, 4100.000, 4100.000
15:26:42, 4000.000, 4100.000, 4100.000
15:26:43, 4000.000, 4100.000, 4100.000
15:26:44, 4000.000, 4100.000, 4100.000
15:26:45, 4000.000, 4100.000, 4100.000
15:26:46, 4000.000, 4100.000, 4100.000
15:26:47, 4000.000, 4100.000, 4100.000
15:26:48, 4000.000, 4100.000, 4100.000
15:26:49, 4000.000, 4100.000, 4100.000
15:26:50, 4000.000, 4100.000, 4100.000
15:26:51, 4000.000, 4100.000, 4100.000
15:26:52, 4000.000, 4100.000, 4100.000
15:26:53, 4000.000, 4100.000, 4100.000
15:26:54, 4000.000, 4100.000, 4100.000
15:26:55, 4000.000, 4100.000, 4100.000
15:26:56, 4000.000, 4100.000, 4100.000
15:26:58, 4000.000, 4100.000, 4100.000
15:26:59, 4000.000, 4100.000, 4100.000
15:27:00, 4000.000, 4100.000, 4100.000
15:27:00, 4000.000, 4100.000, 4100.000
15:27:01, 4000.000, 4100.000, 4100.000
15:27:03, 4000.000, 4100.000, 4100.000
15:27:04, 4000.000, 4100.000, 4100.000
15:27:05, 4000.000, 4100.000, 4100.000
15:27:06, 4000.000, 4100.000, 4100.000
15:27:07, 4000.000, 4100.000, 4100.000
15:27:08, 4000.000, 4100.000, 4100.000
15:27:09, 4000.000, 4100.000, 4100.000
15:27:10, 4000.000, 4100.000, 4100.000
15:27:11, 4000.000, 4100.000, 4100.000
15:27:12, 4000.000, 4100.000, 4100.000
15:27:13, 4000.000, 4100.000, 4100.000
15:27:14, 4000.000, 4100.000, 4100.000
15:27:15, 4000.000, 4100.000, 4100.000
15:27:16, 4000.000, 4100.000, 4100.000
15:27:17, 4000.000, 4100.000, 4100.000
15:27:18, 4000.000, 4100.000, 4100.000
15:27:19, 4000.000, 4100.000, 4100.000
15:27:20, 4000.000, 4100.000, 4100.000
15:27:21, 4000.000, 4100.000, 4100.000
15:27:22, 4000.000, 4100.000, 4100.000
15:27:23, 4000.000, 4100.000, 4100.000
15:27:24, 4000.000, 4100.000, 4100.000
15:27:25, 4000.000, 4100.000, 4100.000
15:27:26, 4000.000, 4100.000, 4100.000
15:27:27, 4000.000, 4100.000, 4100.000
15:27:28, 4000.000, 4100.000, 4100.000
15:27:29, 4000.000, 4100.000, 4100.000
15:27:30, 4000.000, 4100.000, 4100.000
15:27:31, 4000.000, 4100.000, 4100.000
15:27:32, 4000.000, 4100.000, 4100.000
15:27:33, 4000.000, 4100.000, 4100.000
15:27:34, 4000.000, 4100.000, 4100.000
15:27:35, 4000.000, 4100.000, 4100.000
15:27:36, 4000.000, 4100.000, 4100.000
15:27:37, 4000.000, 4100.000, 4100.000
15:27:38, 4000.000, 4100.000, 4100.000
15:27:39, 4000.000, 4100.000, 4100.000
