15:26:39, 30.000, 30.000, 0.000, 29.000, 38.000, 45.000, 32.000, 36.000, 30.000, 29.000, 31.000, 30.000, 28.000, 28.000, 30.000, 29.000, 63.000
15:26:40, 30.000, 30.000, 0.000, 29.000, 38.000, 45.000, 32.000, 36.000, 30.000, 29.000, 31.000, 30.000, 28.000, 28.000, 30.000, 29.000, 63.000
15:26:41, 30.000, 30.000, 34.000, 29.000, 38.000, 45.000, 32.000, 36.000, 30.000, 29.000, 31.000, 30.000, 28.000, 28.000, 30.000, 29.000, 63.000
15:26:42, 30.000, 30.000, 34.000, 30.000, 38.000, 46.000, 32.000, 36.000, 30.000, 29.000, 31.000, 30.000, 28.000, 28.000, 30.000, 29.000, 63.000
15:26:43, 30.000, 30.000, 34.000, 30.000, 38.000, 46.000, 32.000, 36.000, 30.000, 29.000, 31.000, 30.000, 28.000, 28.000, 30.000, 29.000, 63.000
15:26:44, 30.000, 30.000, 34.000, 30.000, 38.000, 46.000, 32.000, 36.000, 30.000, 29.000, 31.000, 30.000, 28.000, 28.000, 30.000, 29.000, 63.000
15:26:45, 30.000, 30.000, 34.000, 29.000, 38.000, 45.000, 32.000, 35.000, 30.000, 29.000, 31.000, 30.000, 28.000, 28.000, 30.000, 29.000, 63.000
15:26:46, 30.000, 30.000, 34.000, 29.000, 38.000, 45.000, 32.000, 35.000, 30.000, 29.000, 31.000, 30.000, 28.000, 28.000, 30.000, 29.000, 63.000
15:26:47, 30.000, 30.000, 34.000, 29.000, 38.000, 45.000, 32.000, 35.000, 30.000, 29.000, 31.000, 30.000, 28.000, 28.000, 30.000, 29.000, 63.000
15:26:48, 30.000, 30.000, 34.000, 29.000, 38.000, 46.000, 32.000, 36.000, 30.000, 29.000, 30.000, 30.000, 28.000, 28.000, 30.000, 29.000, 63.000
15:26:49, 30.000, 30.000, 34.000, 29.000, 38.000, 46.000, 32.000, 36.000, 30.000, 29.000, 30.000, 30.000, 28.000, 28.000, 30.000, 29.000, 63.000
15:26:50, 30.000, 30.000, 34.000, 29.000, 38.000, 46.000, 32.000, 36.000, 30.000, 29.000, 30.000, 30.000, 28.000, 28.000, 30.000, 29.000, 63.000
15:26:51, 30.000, 30.000, 34.000, 29.000, 38.000, 45.000, 33.000, 36.000, 30.000, 29.000, 31.000, 30.000, 28.000, 28.000, 30.000, 29.000, 63.000
15:26:52, 30.000, 30.000, 34.000, 29.000, 38.000, 45.000, 33.000, 36.000, 30.000, 29.000, 31.000, 30.000, 28.000, 28.000, 30.000, 29.000, 63.000
15:26:53, 30.000, 30.000, 34.000, 29.000, 38.000, 45.000, 33.000, 36.000, 30.000, 29.000, 31.000, 30.000, 28.000, 28.000, 30.000, 29.000, 63.000
15:26:54, 30.000, 30.000, 34.000, 30.000, 38.000, 46.000, 33.000, 35.000, 30.000, 29.000, 30.000, 30.000, 28.000, 28.000, 30.000, 29.000, 63.000
15:26:55, 30.000, 30.000, 34.000, 30.000, 38.000, 46.000, 33.000, 35.000, 30.000, 29.000, 30.000, 30.000, 28.000, 28.000, 30.000, 29.000, 63.000
15:26:56, 30.000, 30.000, 34.000, 30.000, 38.000, 46.000, 33.000, 35.000, 30.000, 29.000, 30.000, 30.000, 28.000, 28.000, 30.000, 29.000, 63.000
15:26:58, 30.000, 30.000, 34.000, 30.000, 38.000, 45.000, 32.000, 35.000, 30.000, 29.000, 31.000, 30.000, 28.000, 28.000, 30.000, 29.000, 63.000
15:26:59, 30.000, 30.000, 34.000, 30.000, 38.000, 45.000, 32.000, 35.000, 30.000, 29.000, 31.000, 30.000, 28.000, 28.000, 30.000, 29.000, 63.000
15:27:00, 30.000, 30.000, 34.000, 30.000, 38.000, 45.000, 32.000, 35.000, 30.000, 29.000, 31.000, 30.000, 28.000, 28.000, 30.000, 29.000, 63.000
15:27:01, 30.000, 30.000, 34.000, 30.000, 38.000, 45.000, 32.000, 36.000, 30.000, 29.000, 30.000, 30.000, 28.000, 28.000, 30.000, 29.000, 63.000
15:27:01, 30.000, 30.000, 34.000, 30.000, 38.000, 45.000, 32.000, 36.000, 30.000, 29.000, 30.000, 30.000, 28.000, 28.000, 30.000, 29.000, 63.000
15:27:03, 30.000, 30.000, 34.000, 30.000, 38.000, 45.000, 32.000, 36.000, 30.000, 29.000, 30.000, 30.000, 28.000, 28.000, 30.000, 29.000, 63.000
15:27:04, 30.000, 30.000, 34.000, 29.000, 38.000, 45.000, 32.000, 36.000, 30.000, 29.000, 31.000, 30.000, 28.000, 28.000, 30.000, 29.000, 63.000
15:27:05, 30.000, 30.000, 34.000, 29.000, 38.000, 45.000, 32.000, 36.000, 30.000, 29.000, 31.000, 30.000, 28.000, 28.000, 30.000, 29.000, 63.000
15:27:06, 30.000, 30.000, 34.000, 29.000, 38.000, 45.000, 32.000, 36.000, 30.000, 29.000, 31.000, 30.000, 28.000, 28.000, 30.000, 29.000, 63.000
15:27:07, 30.000, 30.000, 34.000, 29.000, 38.000, 46.000, 33.000, 36.000, 30.000, 29.000, 31.000, 30.000, 28.000, 28.000, 30.000, 29.000, 63.000
15:27:08, 30.000, 30.000, 34.000, 29.000, 38.000, 46.000, 33.000, 36.000, 30.000, 29.000, 31.000, 30.000, 28.000, 28.000, 30.000, 29.000, 63.000
15:27:09, 30.000, 30.000, 34.000, 29.000, 38.000, 46.000, 33.000, 36.000, 30.000, 29.000, 31.000, 30.000, 28.000, 28.000, 30.000, 29.000, 63.000
15:27:10, 30.000, 30.000, 34.000, 30.000, 38.000, 45.000, 33.000, 35.000, 30.000, 29.000, 31.000, 30.000, 28.000, 28.000, 30.000, 29.000, 63.000
15:27:11, 30.000, 30.000, 34.000, 30.000, 38.000, 45.000, 33.000, 35.000, 30.000, 29.000, 31.000, 30.000, 28.000, 28.000, 30.000, 29.000, 63.000
15:27:12, 30.000, 30.000, 34.000, 30.000, 38.000, 45.000, 33.000, 35.000, 30.000, 29.000, 31.000, 30.000, 28.000, 28.000, 30.000, 29.000, 63.000
15:27:13, 30.000, 30.000, 34.000, 29.000, 38.000, 46.000, 32.000, 35.000, 30.000, 29.000, 31.000, 30.000, 28.000, 28.000, 30.000, 29.000, 63.000
15:27:14, 30.000, 30.000, 34.000, 29.000, 38.000, 46.000, 32.000, 35.000, 30.000, 29.000, 31.000, 30.000, 28.000, 28.000, 30.000, 29.000, 63.000
15:27:15, 30.000, 30.000, 34.000, 29.000, 38.000, 46.000, 32.000, 35.000, 30.000, 29.000, 31.000, 30.000, 28.000, 28.000, 30.000, 29.000, 63.000
15:27:16, 30.000, 30.000, 34.000, 29.000, 38.000, 45.000, 32.000, 36.000, 30.000, 29.000, 31.000, 30.000, 28.000, 28.000, 30.000, 29.000, 63.000
15:27:17, 30.000, 30.000, 34.000, 29.000, 38.000, 45.000, 32.000, 36.000, 30.000, 29.000, 31.000, 30.000, 28.000, 28.000, 30.000, 29.000, 63.000
15:27:18, 30.000, 30.000, 34.000, 29.000, 38.000, 45.000, 32.000, 36.000, 30.000, 29.000, 31.000, 30.000, 28.000, 28.000, 30.000, 29.000, 63.000
15:27:19, 30.000, 30.000, 34.000, 29.000, 38.000, 45.000, 32.000, 35.000, 30.000, 29.000, 30.000, 30.000, 28.000, 28.000, 30.000, 29.000, 63.000
15:27:20, 30.000, 30.000, 34.000, 29.000, 38.000, 45.000, 32.000, 35.000, 30.000, 29.000, 30.000, 30.000, 28.000, 28.000, 30.000, 29.000, 63.000
15:27:21, 30.000, 30.000, 34.000, 29.000, 38.000, 45.000, 32.000, 35.000, 30.000, 29.000, 30.000, 30.000, 28.000, 28.000, 30.000, 29.000, 63.000
15:27:22, 30.000, 30.000, 34.000, 29.000, 38.000, 45.000, 33.000, 36.000, 30.000, 29.000, 31.000, 30.000, 28.000, 28.000, 30.000, 29.000, 63.000
15:27:23, 30.000, 30.000, 34.000, 29.000, 38.000, 45.000, 33.000, 36.000, 30.000, 29.000, 31.000, 30.000, 28.000, 28.000, 30.000, 29.000, 63.000
15:27:24, 30.000, 30.000, 34.000, 29.000, 38.000, 45.000, 33.000, 36.000, 30.000, 29.000, 31.000, 30.000, 28.000, 28.000, 30.000, 29.000, 63.000
15:27:25, 30.000, 30.000, 34.000, 29.000, 38.000, 46.000, 33.000, 36.000, 30.000, 29.000, 31.000, 30.000, 28.000, 28.000, 30.000, 29.000, 63.000
15:27:26, 30.000, 30.000, 34.000, 29.000, 38.000, 46.000, 33.000, 36.000, 30.000, 29.000, 31.000, 30.000, 28.000, 28.000, 30.000, 29.000, 63.000
15:27:27, 30.000, 30.000, 34.000, 29.000, 38.000, 46.000, 33.000, 36.000, 30.000, 29.000, 31.000, 30.000, 28.000, 28.000, 30.000, 29.000, 63.000
15:27:28, 30.000, 30.000, 34.000, 30.000, 38.000, 45.000, 32.000, 36.000, 30.000, 29.000, 31.000, 30.000, 28.000, 28.000, 30.000, 29.000, 63.000
15:27:29, 30.000, 30.000, 34.000, 30.000, 38.000, 45.000, 32.000, 36.000, 30.000, 29.000, 31.000, 30.000, 28.000, 28.000, 30.000, 29.000, 63.000
15:27:30, 30.000, 30.000, 34.000, 30.000, 38.000, 45.000, 32.000, 36.000, 30.000, 29.000, 31.000, 30.000, 28.000, 28.000, 30.000, 29.000, 63.000
15:27:31, 30.000, 30.000, 34.000, 30.000, 38.000, 46.000, 33.000, 36.000, 30.000, 29.000, 31.000, 30.000, 28.000, 28.000, 30.000, 29.000, 63.000
15:27:32, 30.000, 30.000, 34.000, 30.000, 38.000, 46.000, 33.000, 36.000, 30.000, 29.000, 31.000, 30.000, 28.000, 28.000, 30.000, 29.000, 63.000
15:27:33, 30.000, 30.000, 34.000, 30.000, 38.000, 46.000, 33.000, 36.000, 30.000, 29.000, 31.000, 30.000, 28.000, 28.000, 30.000, 29.000, 63.000
15:27:34, 30.000, 30.000, 34.000, 30.000, 38.000, 45.000, 32.000, 36.000, 30.000, 29.000, 31.000, 30.000, 28.000, 28.000, 30.000, 29.000, 63.000
15:27:35, 30.000, 30.000, 34.000, 30.000, 38.000, 45.000, 32.000, 36.000, 30.000, 29.000, 31.000, 30.000, 28.000, 28.000, 30.000, 29.000, 63.000
15:27:36, 30.000, 30.000, 34.000, 30.000, 38.000, 45.000, 32.000, 36.000, 30.000, 29.000, 31.000, 30.000, 28.000, 28.000, 30.000, 29.000, 63.000
15:27:37, 30.000, 30.000, 34.000, 29.000, 38.000, 45.000, 32.000, 36.000, 30.000, 29.000, 31.000, 30.000, 28.000, 28.000, 30.000, 29.000, 63.000
15:27:38, 30.000, 30.000, 34.000, 29.000, 38.000, 45.000, 32.000, 36.000, 30.000, 29.000, 31.000, 30.000, 28.000, 28.000, 30.000, 29.000, 63.000
15:27:39, 30.000, 30.000, 34.000, 29.000, 38.000, 45.000, 32.000, 36.000, 30.000, 29.000, 31.000, 30.000, 28.000, 28.000, 30.000, 29.000, 63.000
