15:26:39, 6300.000, 6300.000, 5925.000
15:26:40, 6300.000, 6300.000, 5850.000
15:26:41, 6300.000, 6300.000, 5850.000
15:26:42, 6300.000, 6375.000, 5925.000
15:26:43, 6300.000, 6375.000, 5925.000
15:26:44, 6300.000, 6375.000, 5925.000
15:26:45, 6300.000, 6300.000, 6000.000
15:26:46, 6375.000, 6300.000, 5850.000
15:26:47, 6375.000, 6300.000, 5850.000
15:26:48, 6300.000, 6300.000, 5850.000
15:26:49, 6300.000, 6300.000, 6000.000
15:26:50, 6450.000, 6450.000, 5775.000
15:26:51, 6450.000, 6450.000, 5775.000
15:26:52, 6375.000, 6300.000, 6000.000
15:26:53, 6450.000, 6300.000, 5925.000
15:26:54, 6450.000, 6300.000, 5925.000
15:26:55, 6450.000, 6300.000, 5925.000
15:26:56, 6450.000, 6450.000, 5850.000
15:26:57, 6375.000, 6300.000, 6000.000
15:26:58, 6300.000, 6300.000, 5925.000
15:26:59, 6300.000, 6450.000, 5850.000
15:27:00, 6450.000, 6450.000, 5850.000
15:27:01, 6450.000, 6450.000, 5850.000
15:27:02, 6375.000, 6300.000, 6000.000
15:27:03, 6450.000, 6300.000, 5925.000
15:27:04, 6450.000, 6300.000, 5925.000
15:27:05, 6450.000, 6300.000, 5850.000
15:27:06, 6300.000, 6450.000, 6000.000
15:27:07, 6300.000, 6450.000, 6000.000
15:27:08, 6300.000, 6450.000, 6000.000
15:27:09, 6300.000, 6300.000, 5775.000
15:27:10, 6375.000, 6450.000, 5850.000
15:27:12, 6375.000, 6300.000, 5925.000
15:27:13, 6375.000, 6300.000, 5850.000
15:27:14, 6375.000, 6300.000, 5850.000
15:27:15, 6375.000, 6300.000, 5850.000
15:27:16, 6375.000, 6300.000, 5925.000
15:27:17, 6375.000, 6300.000, 5925.000
15:27:18, 6300.000, 6450.000, 5850.000
15:27:19, 6300.000, 6225.000, 5925.000
15:27:20, 6450.000, 6300.000, 5850.000
15:27:21, 6450.000, 6300.000, 5850.000
15:27:22, 6450.000, 6300.000, 5850.000
15:27:23, 6450.000, 6375.000, 5925.000
15:27:24, 6450.000, 6375.000, 5850.000
15:27:25, 6375.000, 6300.000, 5925.000
15:27:26, 6375.000, 6300.000, 5925.000
15:27:27, 6300.000, 6300.000, 5850.000
15:27:28, 6375.000, 6375.000, 5850.000
15:27:29, 6375.000, 6300.000, 6000.000
15:27:30, 6375.000, 6300.000, 5850.000
15:27:31, 6375.000, 6300.000, 5850.000
15:27:32, 6300.000, 6375.000, 5775.000
15:27:33, 6300.000, 6300.000, 5925.000
15:27:34, 6300.000, 6300.000, 5925.000
15:27:35, 6300.000, 6300.000, 5925.000
15:27:36, 6450.000, 6300.000, 6000.000
15:27:37, 6375.000, 6450.000, 5850.000
15:27:38, 6300.000, 6375.000, 6000.000
15:27:39, 6300.000, 6375.000, 6000.000
