15:26:39, 39.000, 37.000, 32.000, 42.000, 48.000, 35.000, 36.000, 39.000, 37.000, 34.000, 33.000, 33.000, 32.000
15:26:40, 38.000, 35.000, 32.000, 42.000, 49.000, 35.000, 36.000, 39.000, 37.000, 33.000, 33.000, 33.000, 32.000
15:26:41, 38.000, 35.000, 32.000, 42.000, 49.000, 35.000, 36.000, 39.000, 37.000, 33.000, 33.000, 33.000, 32.000
15:26:42, 38.000, 35.000, 32.000, 42.000, 49.000, 35.000, 36.000, 39.000, 37.000, 33.000, 33.000, 33.000, 32.000
15:26:43, 38.000, 35.000, 32.000, 42.000, 49.000, 35.000, 36.000, 39.000, 37.000, 33.000, 33.000, 33.000, 32.000
15:26:44, 38.000, 35.000, 32.000, 42.000, 49.000, 35.000, 36.000, 39.000, 37.000, 33.000, 33.000, 33.000, 32.000
15:26:45, 39.000, 37.000, 32.000, 42.000, 49.000, 35.000, 36.000, 39.000, 37.000, 33.000, 33.000, 33.000, 32.000
15:26:46, 39.000, 37.000, 32.000, 42.000, 49.000, 35.000, 36.000, 39.000, 37.000, 33.000, 33.000, 33.000, 32.000
15:26:47, 38.000, 35.000, 32.000, 42.000, 49.000, 35.000, 36.000, 39.000, 37.000, 33.000, 33.000, 33.000, 32.000
15:26:48, 38.000, 36.000, 32.000, 42.000, 49.000, 35.000, 36.000, 39.000, 37.000, 33.000, 33.000, 33.000, 32.000
15:26:49, 39.000, 36.000, 32.000, 42.000, 49.000, 35.000, 36.000, 39.000, 37.000, 33.000, 33.000, 33.000, 32.000
15:26:50, 39.000, 36.000, 32.000, 42.000, 49.000, 35.000, 36.000, 39.000, 37.000, 33.000, 33.000, 33.000, 32.000
15:26:51, 38.000, 37.000, 32.000, 42.000, 49.000, 35.000, 36.000, 39.000, 37.000, 33.000, 33.000, 33.000, 32.000
15:26:52, 39.000, 37.000, 32.000, 42.000, 49.000, 35.000, 36.000, 39.000, 37.000, 33.000, 33.000, 33.000, 32.000
15:26:53, 38.000, 36.000, 32.000, 42.000, 49.000, 35.000, 36.000, 39.000, 37.000, 33.000, 33.000, 33.000, 32.000
15:26:54, 38.000, 35.000, 32.000, 42.000, 49.000, 35.000, 36.000, 39.000, 37.000, 33.000, 33.000, 33.000, 32.000
15:26:55, 38.000, 35.000, 32.000, 42.000, 49.000, 35.000, 36.000, 39.000, 37.000, 33.000, 33.000, 33.000, 32.000
15:26:56, 38.000, 36.000, 32.000, 42.000, 48.000, 35.000, 36.000, 39.000, 37.000, 33.000, 33.000, 33.000, 32.000
15:26:57, 39.000, 37.000, 32.000, 42.000, 48.000, 35.000, 36.000, 39.000, 37.000, 33.000, 33.000, 33.000, 32.000
15:26:58, 39.000, 36.000, 32.000, 42.000, 48.000, 35.000, 36.000, 39.000, 37.000, 33.000, 33.000, 33.000, 32.000
15:26:59, 38.000, 36.000, 32.000, 42.000, 48.000, 35.000, 36.000, 39.000, 37.000, 33.000, 33.000, 33.000, 32.000
15:27:00, 38.000, 36.000, 32.000, 42.000, 48.000, 35.000, 36.000, 39.000, 37.000, 33.000, 34.000, 33.000, 32.000
15:27:01, 39.000, 37.000, 32.000, 42.000, 48.000, 35.000, 36.000, 39.000, 37.000, 33.000, 34.000, 33.000, 32.000
15:27:02, 39.000, 37.000, 32.000, 42.000, 48.000, 35.000, 36.000, 39.000, 37.000, 33.000, 34.000, 33.000, 32.000
15:27:03, 39.000, 36.000, 32.000, 42.000, 48.000, 35.000, 36.000, 39.000, 37.000, 33.000, 34.000, 33.000, 32.000
15:27:04, 39.000, 36.000, 32.000, 42.000, 49.000, 35.000, 36.000, 39.000, 37.000, 33.000, 33.000, 33.000, 32.000
15:27:05, 38.000, 36.000, 32.000, 42.000, 49.000, 35.000, 36.000, 39.000, 37.000, 33.000, 33.000, 33.000, 32.000
15:27:06, 38.000, 35.000, 32.000, 42.000, 49.000, 35.000, 36.000, 39.000, 37.000, 33.000, 33.000, 33.000, 32.000
15:27:07, 38.000, 35.000, 32.000, 42.000, 49.000, 35.000, 36.000, 39.000, 37.000, 33.000, 34.000, 33.000, 32.000
15:27:08, 38.000, 35.000, 32.000, 42.000, 49.000, 35.000, 36.000, 39.000, 37.000, 34.000, 34.000, 33.000, 32.000
15:27:09, 39.000, 36.000, 32.000, 42.000, 49.000, 35.000, 36.000, 39.000, 37.000, 34.000, 34.000, 33.000, 32.000
15:27:10, 38.000, 35.000, 32.000, 42.000, 49.000, 35.000, 36.000, 39.000, 37.000, 34.000, 34.000, 33.000, 32.000
15:27:12, 38.000, 35.000, 32.000, 42.000, 49.000, 35.000, 36.000, 39.000, 37.000, 34.000, 33.000, 33.000, 32.000
15:27:13, 38.000, 35.000, 32.000, 42.000, 49.000, 35.000, 36.000, 39.000, 37.000, 34.000, 33.000, 33.000, 32.000
15:27:14, 39.000, 36.000, 32.000, 42.000, 49.000, 35.000, 36.000, 39.000, 37.000, 34.000, 33.000, 33.000, 32.000
15:27:15, 38.000, 35.000, 32.000, 42.000, 49.000, 35.000, 36.000, 39.000, 37.000, 34.000, 33.000, 33.000, 32.000
15:27:16, 39.000, 37.000, 32.000, 42.000, 48.000, 35.000, 36.000, 39.000, 37.000, 34.000, 33.000, 33.000, 32.000
15:27:17, 39.000, 37.000, 32.000, 42.000, 48.000, 35.000, 36.000, 39.000, 37.000, 34.000, 33.000, 33.000, 32.000
15:27:18, 39.000, 36.000, 32.000, 42.000, 48.000, 35.000, 36.000, 39.000, 37.000, 34.000, 33.000, 33.000, 32.000
15:27:19, 38.000, 35.000, 32.000, 42.000, 48.000, 35.000, 36.000, 39.000, 37.000, 34.000, 33.000, 33.000, 32.000
15:27:20, 38.000, 35.000, 32.000, 42.000, 48.000, 35.000, 36.000, 39.000, 37.000, 33.000, 33.000, 33.000, 32.000
15:27:21, 38.000, 35.000, 32.000, 42.000, 48.000, 35.000, 36.000, 39.000, 37.000, 33.000, 33.000, 33.000, 32.000
15:27:22, 38.000, 35.000, 32.000, 42.000, 48.000, 35.000, 36.000, 39.000, 37.000, 33.000, 33.000, 33.000, 32.000
15:27:23, 39.000, 37.000, 32.000, 42.000, 48.000, 35.000, 36.000, 39.000, 37.000, 33.000, 33.000, 33.000, 32.000
15:27:24, 38.000, 36.000, 32.000, 42.000, 48.000, 35.000, 35.000, 39.000, 37.000, 34.000, 33.000, 33.000, 32.000
15:27:25, 38.000, 36.000, 32.000, 42.000, 48.000, 35.000, 35.000, 39.000, 37.000, 34.000, 33.000, 33.000, 32.000
15:27:26, 38.000, 36.000, 32.000, 42.000, 48.000, 35.000, 35.000, 39.000, 37.000, 34.000, 33.000, 33.000, 32.000
15:27:27, 38.000, 35.000, 32.000, 42.000, 48.000, 35.000, 35.000, 39.000, 37.000, 34.000, 33.000, 33.000, 32.000
15:27:28, 38.000, 36.000, 32.000, 42.000, 48.000, 35.000, 36.000, 39.000, 37.000, 33.000, 34.000, 33.000, 32.000
15:27:29, 39.000, 37.000, 32.000, 42.000, 48.000, 35.000, 36.000, 39.000, 37.000, 33.000, 34.000, 33.000, 32.000
15:27:30, 39.000, 37.000, 32.000, 42.000, 48.000, 35.000, 36.000, 39.000, 37.000, 33.000, 34.000, 33.000, 32.000
15:27:31, 38.000, 35.000, 32.000, 42.000, 48.000, 35.000, 36.000, 39.000, 37.000, 33.000, 34.000, 33.000, 32.000
15:27:32, 38.000, 36.000, 32.000, 42.000, 48.000, 35.000, 36.000, 39.000, 37.000, 33.000, 33.000, 33.000, 32.000
15:27:33, 38.000, 36.000, 32.000, 42.000, 48.000, 35.000, 36.000, 39.000, 37.000, 33.000, 33.000, 33.000, 32.000
15:27:34, 38.000, 36.000, 32.000, 42.000, 48.000, 35.000, 36.000, 39.000, 37.000, 33.000, 33.000, 33.000, 32.000
15:27:35, 38.000, 36.000, 32.000, 42.000, 48.000, 35.000, 36.000, 39.000, 37.000, 33.000, 33.000, 33.000, 32.000
15:27:36, 38.000, 36.000, 32.000, 42.000, 48.000, 35.000, 35.000, 39.000, 37.000, 33.000, 33.000, 33.000, 32.000
15:27:37, 38.000, 36.000, 32.000, 42.000, 48.000, 35.000, 35.000, 39.000, 37.000, 33.000, 33.000, 33.000, 32.000
15:27:38, 38.000, 36.000, 32.000, 42.000, 48.000, 35.000, 35.000, 39.000, 37.000, 33.000, 33.000, 33.000, 32.000
15:27:39, 38.000, 35.000, 32.000, 42.000, 48.000, 35.000, 35.000, 39.000, 37.000, 33.000, 33.000, 33.000, 32.000
