15:26:39, 37.000, 35.000, 37.000, 24.000, 33.000, 27.000, 33.000, 31.000, 33.000, 35.000, 32.000, 28.000, 28.000, 30.000, 30.000, 31.000, 31.000, 29.000, 29.000
15:26:40, 37.000, 35.000, 37.000, 24.000, 33.000, 27.000, 33.000, 31.000, 33.000, 35.000, 32.000, 28.000, 28.000, 30.000, 30.000, 31.000, 31.000, 29.000, 29.000
15:26:41, 36.000, 34.000, 37.000, 24.000, 33.000, 27.000, 33.000, 32.000, 33.000, 35.000, 32.000, 28.000, 28.000, 30.000, 30.000, 31.000, 31.000, 29.000, 29.000
15:26:42, 36.000, 34.000, 37.000, 24.000, 33.000, 27.000, 33.000, 32.000, 33.000, 35.000, 32.000, 28.000, 28.000, 30.000, 30.000, 31.000, 31.000, 29.000, 29.000
15:26:43, 36.000, 34.000, 37.000, 24.000, 33.000, 27.000, 33.000, 32.000, 33.000, 35.000, 32.000, 28.000, 28.000, 30.000, 30.000, 31.000, 31.000, 29.000, 29.000
15:26:44, 34.000, 33.000, 37.000, 24.000, 33.000, 27.000, 33.000, 32.000, 33.000, 35.000, 32.000, 28.000, 28.000, 30.000, 30.000, 31.000, 31.000, 29.000, 29.000
15:26:45, 34.000, 33.000, 37.000, 24.000, 33.000, 27.000, 33.000, 32.000, 33.000, 35.000, 32.000, 28.000, 28.000, 30.000, 30.000, 31.000, 31.000, 29.000, 29.000
15:26:46, 34.000, 33.000, 37.000, 24.000, 33.000, 27.000, 33.000, 32.000, 33.000, 35.000, 32.000, 28.000, 28.000, 30.000, 30.000, 31.000, 31.000, 29.000, 29.000
15:26:47, 34.000, 33.000, 37.000, 24.000, 33.000, 27.000, 33.000, 31.000, 33.000, 35.000, 32.000, 28.000, 28.000, 30.000, 30.000, 31.000, 31.000, 29.000, 29.000
15:26:48, 34.000, 32.000, 37.000, 24.000, 33.000, 27.000, 33.000, 31.000, 33.000, 35.000, 32.000, 28.000, 28.000, 30.000, 30.000, 31.000, 31.000, 29.000, 29.000
15:26:49, 33.000, 32.000, 37.000, 24.000, 33.000, 27.000, 33.000, 31.000, 33.000, 35.000, 32.000, 28.000, 28.000, 30.000, 30.000, 31.000, 31.000, 29.000, 29.000
15:26:50, 33.000, 32.000, 37.000, 24.000, 33.000, 27.000, 33.000, 32.000, 33.000, 35.000, 32.000, 28.000, 28.000, 30.000, 30.000, 31.000, 31.000, 29.000, 29.000
15:26:51, 33.000, 32.000, 37.000, 24.000, 33.000, 27.000, 33.000, 32.000, 33.000, 35.000, 33.000, 28.000, 28.000, 30.000, 30.000, 31.000, 31.000, 29.000, 29.000
15:26:52, 34.000, 33.000, 37.000, 24.000, 33.000, 27.000, 33.000, 32.000, 33.000, 35.000, 33.000, 28.000, 28.000, 30.000, 30.000, 31.000, 31.000, 29.000, 29.000
15:26:53, 34.000, 33.000, 37.000, 24.000, 33.000, 27.000, 33.000, 32.000, 33.000, 35.000, 33.000, 28.000, 28.000, 30.000, 30.000, 31.000, 31.000, 29.000, 29.000
15:26:54, 34.000, 33.000, 37.000, 24.000, 33.000, 27.000, 33.000, 32.000, 33.000, 35.000, 32.000, 28.000, 28.000, 30.000, 30.000, 31.000, 31.000, 29.000, 29.000
15:26:55, 34.000, 33.000, 37.000, 24.000, 33.000, 27.000, 33.000, 32.000, 33.000, 35.000, 32.000, 28.000, 28.000, 29.000, 29.000, 31.000, 31.000, 29.000, 29.000
15:26:56, 34.000, 33.000, 37.000, 24.000, 33.000, 27.000, 33.000, 32.000, 33.000, 35.000, 32.000, 28.000, 28.000, 29.000, 29.000, 31.000, 31.000, 29.000, 29.000
15:26:57, 34.000, 33.000, 37.000, 24.000, 33.000, 27.000, 33.000, 32.000, 33.000, 35.000, 32.000, 28.000, 28.000, 29.000, 29.000, 31.000, 31.000, 29.000, 29.000
15:26:58, 34.000, 33.000, 37.000, 24.000, 33.000, 27.000, 33.000, 31.000, 33.000, 35.000, 32.000, 28.000, 28.000, 29.000, 29.000, 31.000, 31.000, 29.000, 29.000
15:26:59, 34.000, 33.000, 37.000, 24.000, 33.000, 27.000, 33.000, 31.000, 33.000, 35.000, 32.000, 28.000, 28.000, 29.000, 29.000, 31.000, 31.000, 29.000, 29.000
15:27:00, 35.000, 33.000, 37.000, 24.000, 33.000, 27.000, 33.000, 31.000, 33.000, 35.000, 32.000, 28.000, 28.000, 29.000, 29.000, 31.000, 31.000, 29.000, 29.000
15:27:01, 34.000, 33.000, 37.000, 24.000, 33.000, 27.000, 33.000, 31.000, 33.000, 35.000, 32.000, 28.000, 28.000, 29.000, 29.000, 31.000, 31.000, 29.000, 29.000
15:27:02, 34.000, 34.000, 37.000, 24.000, 33.000, 27.000, 33.000, 32.000, 33.000, 35.000, 32.000, 28.000, 28.000, 29.000, 29.000, 31.000, 31.000, 28.000, 29.000
15:27:03, 38.000, 36.000, 37.000, 24.000, 33.000, 27.000, 33.000, 32.000, 33.000, 35.000, 32.000, 28.000, 28.000, 29.000, 29.000, 31.000, 31.000, 28.000, 29.000
15:27:04, 39.000, 36.000, 37.000, 24.000, 33.000, 26.000, 32.000, 31.000, 33.000, 35.000, 32.000, 28.000, 28.000, 29.000, 29.000, 31.000, 31.000, 28.000, 29.000
15:27:06, 39.000, 36.000, 37.000, 24.000, 33.000, 26.000, 32.000, 31.000, 33.000, 35.000, 32.000, 28.000, 28.000, 29.000, 29.000, 31.000, 31.000, 29.000, 29.000
15:27:07, 37.000, 35.000, 37.000, 24.000, 33.000, 26.000, 32.000, 31.000, 33.000, 35.000, 32.000, 28.000, 28.000, 29.000, 29.000, 31.000, 31.000, 29.000, 29.000
15:27:07, 36.000, 34.000, 37.000, 24.000, 33.000, 27.000, 33.000, 32.000, 33.000, 35.000, 32.000, 28.000, 28.000, 30.000, 29.000, 31.000, 31.000, 29.000, 29.000
15:27:08, 36.000, 33.000, 37.000, 24.000, 33.000, 27.000, 33.000, 32.000, 33.000, 35.000, 32.000, 28.000, 28.000, 30.000, 29.000, 31.000, 31.000, 29.000, 29.000
15:27:09, 35.000, 34.000, 37.000, 24.000, 33.000, 27.000, 33.000, 32.000, 33.000, 35.000, 33.000, 28.000, 28.000, 30.000, 29.000, 31.000, 31.000, 29.000, 29.000
15:27:10, 36.000, 34.000, 37.000, 24.000, 33.000, 27.000, 33.000, 32.000, 33.000, 35.000, 33.000, 28.000, 28.000, 30.000, 30.000, 31.000, 31.000, 29.000, 29.000
15:27:12, 37.000, 35.000, 37.000, 24.000, 33.000, 27.000, 33.000, 32.000, 33.000, 35.000, 33.000, 28.000, 28.000, 30.000, 30.000, 31.000, 31.000, 29.000, 29.000
15:27:13, 37.000, 35.000, 37.000, 24.000, 33.000, 27.000, 33.000, 32.000, 33.000, 35.000, 32.000, 28.000, 28.000, 30.000, 30.000, 31.000, 31.000, 29.000, 29.000
15:27:14, 37.000, 35.000, 37.000, 24.000, 33.000, 27.000, 32.000, 31.000, 33.000, 35.000, 32.000, 28.000, 28.000, 30.000, 30.000, 31.000, 31.000, 29.000, 29.000
15:27:15, 38.000, 36.000, 37.000, 24.000, 33.000, 27.000, 32.000, 31.000, 33.000, 35.000, 32.000, 28.000, 28.000, 30.000, 30.000, 31.000, 31.000, 29.000, 29.000
15:27:16, 38.000, 36.000, 37.000, 24.000, 33.000, 27.000, 32.000, 31.000, 33.000, 35.000, 32.000, 28.000, 28.000, 30.000, 30.000, 31.000, 31.000, 29.000, 29.000
15:27:17, 37.000, 35.000, 37.000, 24.000, 33.000, 27.000, 32.000, 32.000, 33.000, 35.000, 32.000, 28.000, 28.000, 30.000, 30.000, 31.000, 31.000, 29.000, 29.000
15:27:18, 38.000, 35.000, 37.000, 24.000, 33.000, 27.000, 32.000, 32.000, 33.000, 35.000, 32.000, 28.000, 28.000, 30.000, 30.000, 31.000, 31.000, 29.000, 29.000
15:27:19, 37.000, 35.000, 37.000, 24.000, 33.000, 27.000, 32.000, 32.000, 33.000, 35.000, 33.000, 28.000, 28.000, 30.000, 30.000, 31.000, 31.000, 29.000, 29.000
15:27:20, 37.000, 35.000, 37.000, 24.000, 33.000, 27.000, 33.000, 32.000, 33.000, 35.000, 33.000, 28.000, 28.000, 30.000, 30.000, 31.000, 31.000, 29.000, 29.000
15:27:21, 37.000, 35.000, 37.000, 24.000, 33.000, 27.000, 33.000, 32.000, 33.000, 35.000, 33.000, 28.000, 28.000, 30.000, 30.000, 31.000, 31.000, 29.000, 29.000
15:27:22, 35.000, 33.000, 37.000, 24.000, 33.000, 27.000, 33.000, 32.000, 33.000, 35.000, 33.000, 28.000, 28.000, 30.000, 30.000, 31.000, 31.000, 29.000, 29.000
15:27:23, 35.000, 33.000, 37.000, 24.000, 33.000, 27.000, 33.000, 32.000, 33.000, 35.000, 33.000, 28.000, 28.000, 30.000, 30.000, 31.000, 31.000, 29.000, 29.000
15:27:24, 35.000, 33.000, 37.000, 24.000, 33.000, 27.000, 33.000, 32.000, 33.000, 35.000, 33.000, 28.000, 28.000, 30.000, 30.000, 31.000, 31.000, 29.000, 29.000
15:27:25, 35.000, 33.000, 37.000, 24.000, 33.000, 27.000, 33.000, 32.000, 33.000, 35.000, 33.000, 28.000, 28.000, 30.000, 30.000, 31.000, 31.000, 29.000, 29.000
15:27:26, 35.000, 33.000, 37.000, 24.000, 33.000, 27.000, 33.000, 32.000, 33.000, 35.000, 33.000, 28.000, 28.000, 30.000, 30.000, 31.000, 31.000, 29.000, 29.000
15:27:27, 35.000, 33.000, 37.000, 24.000, 33.000, 27.000, 33.000, 32.000, 33.000, 35.000, 33.000, 28.000, 28.000, 30.000, 30.000, 31.000, 31.000, 29.000, 29.000
15:27:28, 36.000, 34.000, 37.000, 24.000, 33.000, 27.000, 33.000, 32.000, 33.000, 35.000, 33.000, 28.000, 28.000, 30.000, 29.000, 31.000, 31.000, 29.000, 29.000
15:27:29, 35.000, 33.000, 37.000, 24.000, 33.000, 27.000, 33.000, 32.000, 33.000, 35.000, 33.000, 28.000, 28.000, 30.000, 29.000, 31.000, 31.000, 29.000, 29.000
15:27:30, 35.000, 33.000, 37.000, 24.000, 33.000, 27.000, 33.000, 32.000, 33.000, 35.000, 33.000, 28.000, 28.000, 30.000, 29.000, 31.000, 31.000, 29.000, 29.000
15:27:31, 35.000, 33.000, 37.000, 24.000, 33.000, 27.000, 33.000, 32.000, 33.000, 35.000, 32.000, 28.000, 28.000, 30.000, 29.000, 31.000, 31.000, 29.000, 29.000
15:27:32, 34.000, 33.000, 37.000, 24.000, 33.000, 27.000, 33.000, 31.000, 33.000, 35.000, 32.000, 28.000, 28.000, 29.000, 29.000, 31.000, 31.000, 29.000, 29.000
15:27:33, 35.000, 34.000, 37.000, 24.000, 33.000, 27.000, 33.000, 31.000, 33.000, 35.000, 32.000, 28.000, 28.000, 29.000, 29.000, 31.000, 31.000, 29.000, 29.000
15:27:34, 35.000, 34.000, 37.000, 24.000, 33.000, 27.000, 33.000, 31.000, 33.000, 35.000, 32.000, 28.000, 28.000, 30.000, 29.000, 31.000, 31.000, 29.000, 29.000
15:27:35, 34.000, 33.000, 37.000, 24.000, 33.000, 27.000, 33.000, 31.000, 33.000, 35.000, 32.000, 28.000, 28.000, 30.000, 29.000, 31.000, 31.000, 29.000, 29.000
15:27:36, 34.000, 33.000, 37.000, 24.000, 33.000, 27.000, 33.000, 31.000, 33.000, 35.000, 32.000, 28.000, 28.000, 30.000, 29.000, 31.000, 31.000, 29.000, 29.000
15:27:37, 34.000, 33.000, 37.000, 24.000, 33.000, 27.000, 33.000, 31.000, 33.000, 35.000, 32.000, 28.000, 28.000, 30.000, 29.000, 31.000, 31.000, 29.000, 29.000
15:27:38, 34.000, 33.000, 37.000, 24.000, 33.000, 27.000, 33.000, 32.000, 33.000, 35.000, 32.000, 28.000, 28.000, 29.000, 29.000, 31.000, 31.000, 29.000, 29.000
15:27:39, 35.000, 34.000, 37.000, 24.000, 33.000, 27.000, 33.000, 32.000, 33.000, 35.000, 32.000, 28.000, 28.000, 29.000, 29.000, 31.000, 31.000, 29.000, 29.000
