15:26:39, 7725.000, 7800.000, 7725.000
15:26:40, 7725.000, 7800.000, 7725.000
15:26:41, 7725.000, 7800.000, 7725.000
15:26:42, 7800.000, 7650.000, 7725.000
15:26:43, 7800.000, 7650.000, 7725.000
15:26:44, 7875.000, 7725.000, 7650.000
15:26:45, 7725.000, 7650.000, 7800.000
15:26:46, 7875.000, 7725.000, 7875.000
15:26:47, 7875.000, 7725.000, 7875.000
15:26:48, 7875.000, 7725.000, 7875.000
15:26:49, 7800.000, 7800.000, 7725.000
15:26:50, 7725.000, 7650.000, 7800.000
15:26:51, 7875.000, 7725.000, 7650.000
15:26:52, 7725.000, 7725.000, 7650.000
15:26:53, 7725.000, 7725.000, 7650.000
15:26:54, 7725.000, 7650.000, 7800.000
15:26:55, 7875.000, 7575.000, 7800.000
15:26:56, 7875.000, 7575.000, 7800.000
15:26:57, 7800.000, 7725.000, 7800.000
15:26:58, 7725.000, 7575.000, 7875.000
15:26:59, 7800.000, 7800.000, 7650.000
15:27:00, 7800.000, 7800.000, 7650.000
15:27:01, 7800.000, 7800.000, 7650.000
15:27:02, 7800.000, 7575.000, 7800.000
15:27:03, 7800.000, 7800.000, 7875.000
15:27:04, 7725.000, 7575.000, 7875.000
15:27:05, 7725.000, 7575.000, 7875.000
15:27:06, 7800.000, 7575.000, 7875.000
15:27:07, 7800.000, 7575.000, 7875.000
15:27:08, 7875.000, 7725.000, 7800.000
15:27:09, 7875.000, 7725.000, 7800.000
15:27:10, 7800.000, 7575.000, 7875.000
15:27:11, 7875.000, 7725.000, 7875.000
15:27:12, 7800.000, 7725.000, 7875.000
15:27:13, 7800.000, 7725.000, 7875.000
15:27:14, 7800.000, 7575.000, 7875.000
15:27:15, 7725.000, 7575.000, 7725.000
15:27:16, 7875.000, 7800.000, 7650.000
15:27:17, 7875.000, 7800.000, 7650.000
15:27:18, 7800.000, 7575.000, 7875.000
15:27:20, 7800.000, 7575.000, 7650.000
15:27:21, 7800.000, 7575.000, 7650.000
15:27:22, 7725.000, 7575.000, 7725.000
15:27:23, 7725.000, 7575.000, 7725.000
15:27:23, 7800.000, 7725.000, 7650.000
15:27:24, 7875.000, 7800.000, 7725.000
15:27:26, 7800.000, 7650.000, 7650.000
15:27:27, 7800.000, 7650.000, 7650.000
15:27:28, 7800.000, 7650.000, 7650.000
15:27:29, 7725.000, 7575.000, 7725.000
15:27:30, 7800.000, 7725.000, 7800.000
15:27:31, 7800.000, 7725.000, 7800.000
15:27:32, 7875.000, 7575.000, 7875.000
15:27:33, 7725.000, 7575.000, 7875.000
15:27:34, 7725.000, 7725.000, 7725.000
15:27:35, 7725.000, 7800.000, 7800.000
15:27:36, 7800.000, 7800.000, 7800.000
15:27:37, 7875.000, 7650.000, 7650.000
15:27:38, 7800.000, 7575.000, 7725.000
15:27:39, 7800.000, 7725.000, 7800.000
