15:26:39, 44.000, 37.000, 30.000, 40.000, 48.000
15:26:40, 44.000, 38.000, 30.000, 40.000, 48.000
15:26:41, 45.000, 37.000, 30.000, 40.000, 48.000
15:26:42, 45.000, 37.000, 30.000, 40.000, 48.000
15:26:43, 45.000, 37.000, 30.000, 40.000, 48.000
15:26:44, 45.000, 37.000, 30.000, 40.000, 48.000
15:26:45, 45.000, 37.000, 30.000, 40.000, 48.000
15:26:46, 44.000, 37.000, 30.000, 40.000, 48.000
15:26:47, 44.000, 37.000, 30.000, 40.000, 48.000
15:26:48, 44.000, 37.000, 30.000, 40.000, 48.000
15:26:49, 45.000, 37.000, 30.000, 40.000, 48.000
15:26:50, 44.000, 37.000, 30.000, 40.000, 48.000
15:26:51, 44.000, 37.000, 30.000, 40.000, 48.000
15:26:52, 44.000, 37.000, 30.000, 40.000, 48.000
15:26:53, 44.000, 37.000, 30.000, 40.000, 48.000
15:26:54, 45.000, 37.000, 30.000, 40.000, 48.000
15:26:55, 44.000, 37.000, 30.000, 40.000, 48.000
15:26:56, 44.000, 37.000, 30.000, 40.000, 48.000
15:26:57, 44.000, 37.000, 30.000, 40.000, 48.000
15:26:58, 45.000, 37.000, 30.000, 40.000, 48.000
15:26:59, 44.000, 37.000, 30.000, 40.000, 48.000
15:27:00, 44.000, 37.000, 30.000, 40.000, 48.000
15:27:01, 44.000, 37.000, 30.000, 40.000, 48.000
15:27:02, 45.000, 37.000, 30.000, 40.000, 48.000
15:27:03, 45.000, 37.000, 30.000, 40.000, 48.000
15:27:04, 44.000, 37.000, 30.000, 40.000, 48.000
15:27:05, 44.000, 37.000, 30.000, 40.000, 48.000
15:27:06, 44.000, 37.000, 30.000, 40.000, 48.000
15:27:07, 45.000, 37.000, 30.000, 40.000, 48.000
15:27:08, 44.000, 37.000, 30.000, 40.000, 48.000
15:27:09, 44.000, 37.000, 30.000, 40.000, 48.000
15:27:10, 45.000, 37.000, 30.000, 40.000, 48.000
15:27:11, 45.000, 37.000, 30.000, 40.000, 48.000
15:27:12, 44.000, 37.000, 30.000, 40.000, 48.000
15:27:13, 44.000, 38.000, 30.000, 40.000, 48.000
15:27:14, 44.000, 38.000, 30.000, 40.000, 48.000
15:27:15, 45.000, 37.000, 30.000, 40.000, 48.000
15:27:16, 45.000, 37.000, 30.000, 40.000, 48.000
15:27:17, 45.000, 37.000, 30.000, 40.000, 48.000
15:27:18, 45.000, 37.000, 30.000, 40.000, 48.000
15:27:20, 45.000, 37.000, 30.000, 40.000, 48.000
15:27:21, 45.000, 37.000, 30.000, 40.000, 48.000
15:27:22, 45.000, 37.000, 30.000, 40.000, 48.000
15:27:23, 45.000, 37.000, 30.000, 40.000, 48.000
15:27:23, 45.000, 37.000, 30.000, 40.000, 48.000
15:27:25, 45.000, 37.000, 30.000, 40.000, 48.000
15:27:26, 45.000, 37.000, 30.000, 40.000, 48.000
15:27:27, 45.000, 37.000, 30.000, 40.000, 48.000
15:27:28, 45.000, 37.000, 30.000, 40.000, 48.000
15:27:29, 45.000, 38.000, 30.000, 40.000, 48.000
15:27:30, 45.000, 38.000, 30.000, 40.000, 48.000
15:27:31, 45.000, 38.000, 30.000, 40.000, 48.000
15:27:32, 45.000, 37.000, 30.000, 40.000, 48.000
15:27:33, 45.000, 37.000, 30.000, 40.000, 48.000
15:27:34, 45.000, 37.000, 30.000, 40.000, 48.000
15:27:35, 45.000, 37.000, 30.000, 40.000, 48.000
15:27:36, 45.000, 37.000, 30.000, 40.000, 48.000
15:27:37, 45.000, 37.000, 30.000, 40.000, 48.000
15:27:38, 45.000, 37.000, 30.000, 40.000, 48.000
15:27:39, 45.000, 37.000, 30.000, 40.000, 48.000
