15:26:39, 7125.000, 6975.000, 6900.000
15:26:40, 7125.000, 6975.000, 6900.000
15:26:41, 7125.000, 7125.000, 6825.000
15:26:42, 7200.000, 7050.000, 6825.000
15:26:43, 7050.000, 6975.000, 6975.000
15:26:44, 7050.000, 6975.000, 6975.000
15:26:45, 7200.000, 7200.000, 6900.000
15:26:46, 7050.000, 7200.000, 6900.000
15:26:47, 7050.000, 6975.000, 6750.000
15:26:48, 7050.000, 6975.000, 6750.000
15:26:49, 7200.000, 7125.000, 6900.000
15:26:50, 7125.000, 7125.000, 6900.000
15:26:51, 7050.000, 7125.000, 6750.000
15:26:52, 7050.000, 7125.000, 6750.000
15:26:53, 7200.000, 7200.000, 6900.000
15:26:54, 7200.000, 7200.000, 6900.000
15:26:55, 7125.000, 7050.000, 6975.000
15:26:56, 7125.000, 7050.000, 6975.000
15:26:57, 7050.000, 7200.000, 6825.000
15:26:58, 7200.000, 7050.000, 6900.000
15:26:59, 7200.000, 7050.000, 6900.000
15:27:00, 7200.000, 7050.000, 6900.000
15:27:01, 7200.000, 7200.000, 6900.000
15:27:02, 7050.000, 7050.000, 6975.000
15:27:03, 7200.000, 7125.000, 6825.000
15:27:04, 7200.000, 7125.000, 6825.000
15:27:05, 7050.000, 7200.000, 6900.000
15:27:06, 7125.000, 7050.000, 6975.000
15:27:07, 7125.000, 7050.000, 6975.000
15:27:08, 7050.000, 7125.000, 6975.000
15:27:09, 7050.000, 7125.000, 6975.000
15:27:10, 7200.000, 7125.000, 6900.000
15:27:11, 7125.000, 7050.000, 6975.000
15:27:13, 7125.000, 7125.000, 6900.000
15:27:14, 7125.000, 7125.000, 6900.000
15:27:14, 7125.000, 7125.000, 6900.000
15:27:15, 6825.000, 6825.000, 6675.000
15:27:16, 6825.000, 6825.000, 6600.000
15:27:17, 6825.000, 6825.000, 6600.000
15:27:19, 6825.000, 6750.000, 6525.000
15:27:20, 6900.000, 6750.000, 6525.000
15:27:21, 6750.000, 6750.000, 6525.000
15:27:22, 6750.000, 6750.000, 6600.000
15:27:23, 6750.000, 6750.000, 6600.000
15:27:24, 6900.000, 6750.000, 6600.000
15:27:25, 6750.000, 6750.000, 6600.000
15:27:26, 6825.000, 6900.000, 6525.000
15:27:27, 6825.000, 6900.000, 6525.000
15:27:28, 6825.000, 6900.000, 6525.000
15:27:29, 6825.000, 6750.000, 6600.000
15:27:30, 6825.000, 6750.000, 6675.000
15:27:31, 6825.000, 6750.000, 6675.000
15:27:32, 6750.000, 6750.000, 6600.000
15:27:33, 6825.000, 6750.000, 6675.000
15:27:34, 6825.000, 6750.000, 6675.000
15:27:35, 6750.000, 6825.000, 6600.000
15:27:36, 6750.000, 6825.000, 6600.000
15:27:37, 6900.000, 6825.000, 6675.000
15:27:38, 6900.000, 6750.000, 6600.000
15:27:39, 6825.000, 6825.000, 6600.000
