15:26:39, 44.000, 38.000, 32.000, 43.000, 46.000, 36.000, 35.000, 41.000, 38.000, 36.000, 35.000
15:26:40, 42.000, 39.000, 32.000, 43.000, 46.000, 36.000, 35.000, 41.000, 38.000, 36.000, 35.000
15:26:41, 43.000, 39.000, 32.000, 43.000, 47.000, 36.000, 35.000, 41.000, 38.000, 36.000, 35.000
15:26:42, 43.000, 39.000, 32.000, 43.000, 47.000, 36.000, 35.000, 41.000, 38.000, 36.000, 35.000
15:26:43, 43.000, 39.000, 32.000, 43.000, 47.000, 36.000, 35.000, 41.000, 38.000, 36.000, 35.000
15:26:44, 43.000, 38.000, 32.000, 43.000, 47.000, 36.000, 35.000, 41.000, 38.000, 36.000, 35.000
15:26:45, 44.000, 38.000, 32.000, 43.000, 46.000, 36.000, 35.000, 41.000, 38.000, 35.000, 35.000
15:26:46, 42.000, 38.000, 32.000, 43.000, 46.000, 36.000, 35.000, 41.000, 38.000, 35.000, 35.000
15:26:47, 42.000, 38.000, 32.000, 43.000, 46.000, 36.000, 35.000, 41.000, 38.000, 35.000, 35.000
15:26:48, 43.000, 39.000, 32.000, 43.000, 46.000, 36.000, 35.000, 41.000, 38.000, 35.000, 35.000
15:26:49, 43.000, 38.000, 32.000, 43.000, 47.000, 36.000, 35.000, 41.000, 38.000, 36.000, 35.000
15:26:50, 42.000, 38.000, 32.000, 43.000, 47.000, 36.000, 35.000, 41.000, 38.000, 36.000, 35.000
15:26:51, 43.000, 38.000, 32.000, 43.000, 47.000, 36.000, 35.000, 41.000, 38.000, 36.000, 35.000
15:26:52, 43.000, 38.000, 32.000, 43.000, 47.000, 36.000, 35.000, 41.000, 38.000, 36.000, 35.000
15:26:53, 43.000, 38.000, 32.000, 43.000, 46.000, 36.000, 35.000, 41.000, 38.000, 36.000, 35.000
15:26:54, 43.000, 38.000, 32.000, 43.000, 46.000, 36.000, 35.000, 41.000, 38.000, 36.000, 35.000
15:26:55, 42.000, 39.000, 32.000, 43.000, 46.000, 36.000, 35.000, 41.000, 38.000, 36.000, 35.000
15:26:56, 42.000, 39.000, 32.000, 43.000, 46.000, 36.000, 35.000, 41.000, 38.000, 36.000, 35.000
15:26:57, 43.000, 37.000, 32.000, 43.000, 47.000, 36.000, 35.000, 41.000, 38.000, 36.000, 35.000
15:26:58, 43.000, 38.000, 32.000, 43.000, 47.000, 36.000, 35.000, 41.000, 38.000, 36.000, 35.000
15:26:59, 43.000, 38.000, 32.000, 43.000, 47.000, 36.000, 35.000, 41.000, 38.000, 36.000, 35.000
15:27:00, 43.000, 38.000, 32.000, 43.000, 47.000, 36.000, 35.000, 41.000, 38.000, 36.000, 35.000
15:27:01, 43.000, 38.000, 32.000, 43.000, 46.000, 36.000, 35.000, 41.000, 38.000, 36.000, 35.000
15:27:02, 43.000, 38.000, 32.000, 43.000, 46.000, 36.000, 35.000, 41.000, 38.000, 36.000, 35.000
15:27:03, 43.000, 39.000, 32.000, 43.000, 46.000, 36.000, 35.000, 41.000, 38.000, 36.000, 35.000
15:27:04, 43.000, 39.000, 32.000, 43.000, 46.000, 36.000, 35.000, 41.000, 38.000, 36.000, 35.000
15:27:05, 43.000, 39.000, 32.000, 43.000, 46.000, 36.000, 35.000, 41.000, 38.000, 36.000, 35.000
15:27:06, 42.000, 39.000, 32.000, 43.000, 46.000, 36.000, 35.000, 41.000, 38.000, 36.000, 35.000
15:27:07, 43.000, 39.000, 32.000, 43.000, 46.000, 36.000, 35.000, 41.000, 38.000, 36.000, 35.000
15:27:08, 43.000, 39.000, 32.000, 43.000, 46.000, 36.000, 35.000, 41.000, 38.000, 36.000, 35.000
15:27:09, 43.000, 39.000, 32.000, 43.000, 47.000, 36.000, 35.000, 41.000, 38.000, 36.000, 35.000
15:27:10, 42.000, 39.000, 32.000, 43.000, 47.000, 36.000, 35.000, 41.000, 38.000, 36.000, 35.000
15:27:11, 43.000, 39.000, 32.000, 43.000, 47.000, 36.000, 35.000, 41.000, 38.000, 36.000, 35.000
15:27:13, 41.000, 38.000, 32.000, 43.000, 46.000, 36.000, 35.000, 41.000, 38.000, 36.000, 35.000
15:27:14, 41.000, 38.000, 32.000, 43.000, 46.000, 36.000, 35.000, 41.000, 38.000, 36.000, 35.000
15:27:14, 43.000, 39.000, 32.000, 43.000, 46.000, 36.000, 35.000, 41.000, 38.000, 36.000, 35.000
15:27:15, 42.000, 39.000, 32.000, 43.000, 46.000, 36.000, 35.000, 41.000, 38.000, 36.000, 35.000
15:27:16, 43.000, 38.000, 32.000, 43.000, 46.000, 36.000, 35.000, 41.000, 38.000, 36.000, 35.000
15:27:17, 43.000, 38.000, 32.000, 43.000, 46.000, 36.000, 35.000, 41.000, 38.000, 36.000, 35.000
15:27:19, 42.000, 38.000, 32.000, 43.000, 46.000, 36.000, 35.000, 41.000, 38.000, 36.000, 35.000
15:27:20, 43.000, 38.000, 32.000, 43.000, 46.000, 36.000, 35.000, 41.000, 38.000, 36.000, 35.000
15:27:21, 42.000, 38.000, 32.000, 43.000, 46.000, 36.000, 35.000, 41.000, 38.000, 36.000, 35.000
15:27:22, 42.000, 38.000, 32.000, 43.000, 46.000, 36.000, 35.000, 41.000, 38.000, 36.000, 35.000
15:27:23, 42.000, 38.000, 32.000, 43.000, 46.000, 36.000, 35.000, 41.000, 38.000, 36.000, 35.000
15:27:24, 42.000, 38.000, 32.000, 43.000, 46.000, 36.000, 35.000, 41.000, 38.000, 36.000, 35.000
15:27:25, 42.000, 38.000, 32.000, 43.000, 47.000, 36.000, 35.000, 41.000, 38.000, 36.000, 35.000
15:27:26, 42.000, 39.000, 32.000, 43.000, 47.000, 36.000, 35.000, 41.000, 38.000, 36.000, 35.000
15:27:27, 42.000, 39.000, 32.000, 43.000, 47.000, 36.000, 35.000, 41.000, 38.000, 36.000, 35.000
15:27:28, 43.000, 39.000, 32.000, 43.000, 47.000, 36.000, 35.000, 41.000, 38.000, 36.000, 35.000
15:27:29, 42.000, 39.000, 32.000, 43.000, 46.000, 36.000, 35.000, 41.000, 38.000, 36.000, 35.000
15:27:30, 43.000, 38.000, 32.000, 43.000, 46.000, 36.000, 35.000, 41.000, 38.000, 36.000, 35.000
15:27:31, 43.000, 38.000, 32.000, 43.000, 46.000, 36.000, 35.000, 41.000, 38.000, 36.000, 35.000
15:27:32, 42.000, 39.000, 32.000, 43.000, 46.000, 36.000, 35.000, 41.000, 38.000, 36.000, 35.000
15:27:33, 43.000, 38.000, 32.000, 43.000, 46.000, 36.000, 35.000, 40.000, 38.000, 36.000, 35.000
15:27:34, 42.000, 38.000, 32.000, 43.000, 46.000, 36.000, 35.000, 40.000, 38.000, 36.000, 35.000
15:27:35, 42.000, 38.000, 32.000, 43.000, 46.000, 36.000, 35.000, 40.000, 38.000, 36.000, 35.000
15:27:36, 42.000, 38.000, 32.000, 43.000, 46.000, 36.000, 35.000, 40.000, 38.000, 36.000, 35.000
15:27:37, 42.000, 38.000, 32.000, 43.000, 46.000, 36.000, 35.000, 41.000, 38.000, 36.000, 35.000
15:27:38, 42.000, 39.000, 32.000, 43.000, 46.000, 36.000, 35.000, 41.000, 38.000, 36.000, 35.000
15:27:39, 42.000, 39.000, 32.000, 43.000, 46.000, 36.000, 35.000, 41.000, 38.000, 36.000, 35.000
