15:26:39, 35.000, 33.000, 37.000, 29.000, 34.000, 28.000, 35.000, 33.000, 34.000, 35.000, 34.000, 30.000, 30.000, 29.000, 29.000, 30.000, 31.000, 32.000, 31.000
15:26:40, 35.000, 33.000, 37.000, 29.000, 35.000, 28.000, 35.000, 33.000, 34.000, 35.000, 34.000, 30.000, 30.000, 29.000, 29.000, 30.000, 31.000, 32.000, 31.000
15:26:41, 35.000, 33.000, 37.000, 29.000, 35.000, 28.000, 35.000, 33.000, 34.000, 35.000, 34.000, 30.000, 30.000, 29.000, 29.000, 30.000, 31.000, 32.000, 31.000
15:26:42, 34.000, 32.000, 37.000, 29.000, 35.000, 28.000, 35.000, 33.000, 33.000, 35.000, 34.000, 30.000, 30.000, 29.000, 29.000, 30.000, 31.000, 32.000, 31.000
15:26:43, 34.000, 32.000, 37.000, 29.000, 35.000, 28.000, 35.000, 32.000, 33.000, 35.000, 34.000, 30.000, 30.000, 29.000, 29.000, 30.000, 31.000, 32.000, 31.000
15:26:44, 34.000, 32.000, 37.000, 29.000, 35.000, 28.000, 35.000, 32.000, 34.000, 35.000, 34.000, 30.000, 30.000, 29.000, 29.000, 30.000, 31.000, 32.000, 31.000
15:26:45, 33.000, 32.000, 37.000, 29.000, 35.000, 28.000, 35.000, 32.000, 34.000, 35.000, 34.000, 30.000, 30.000, 29.000, 30.000, 30.000, 31.000, 32.000, 31.000
15:26:46, 33.000, 32.000, 37.000, 29.000, 35.000, 28.000, 35.000, 33.000, 34.000, 35.000, 34.000, 30.000, 30.000, 29.000, 30.000, 30.000, 31.000, 32.000, 31.000
15:26:47, 34.000, 32.000, 37.000, 29.000, 35.000, 28.000, 35.000, 33.000, 34.000, 35.000, 34.000, 30.000, 30.000, 29.000, 30.000, 30.000, 31.000, 32.000, 31.000
15:26:48, 33.000, 32.000, 37.000, 29.000, 35.000, 28.000, 35.000, 33.000, 34.000, 35.000, 34.000, 30.000, 30.000, 29.000, 30.000, 30.000, 31.000, 32.000, 31.000
15:26:49, 33.000, 32.000, 37.000, 29.000, 35.000, 28.000, 36.000, 33.000, 34.000, 35.000, 34.000, 30.000, 30.000, 29.000, 30.000, 30.000, 31.000, 32.000, 31.000
15:26:50, 33.000, 32.000, 37.000, 29.000, 35.000, 28.000, 36.000, 33.000, 34.000, 35.000, 34.000, 30.000, 30.000, 29.000, 30.000, 30.000, 31.000, 32.000, 31.000
15:26:51, 34.000, 33.000, 37.000, 29.000, 35.000, 28.000, 36.000, 33.000, 34.000, 35.000, 34.000, 30.000, 30.000, 29.000, 29.000, 30.000, 31.000, 32.000, 31.000
15:26:52, 33.000, 32.000, 38.000, 29.000, 35.000, 28.000, 35.000, 33.000, 34.000, 35.000, 34.000, 30.000, 30.000, 29.000, 29.000, 30.000, 31.000, 32.000, 31.000
15:26:53, 33.000, 32.000, 38.000, 29.000, 35.000, 28.000, 35.000, 33.000, 34.000, 35.000, 34.000, 30.000, 30.000, 29.000, 29.000, 30.000, 31.000, 32.000, 31.000
15:26:54, 33.000, 32.000, 38.000, 29.000, 35.000, 28.000, 35.000, 33.000, 34.000, 35.000, 34.000, 30.000, 30.000, 29.000, 29.000, 30.000, 31.000, 32.000, 31.000
15:26:55, 33.000, 32.000, 38.000, 29.000, 35.000, 28.000, 35.000, 33.000, 34.000, 35.000, 34.000, 30.000, 30.000, 29.000, 29.000, 30.000, 31.000, 32.000, 31.000
15:26:56, 33.000, 32.000, 38.000, 29.000, 35.000, 28.000, 35.000, 33.000, 34.000, 35.000, 34.000, 30.000, 30.000, 29.000, 29.000, 30.000, 31.000, 32.000, 31.000
15:26:57, 34.000, 32.000, 38.000, 29.000, 35.000, 28.000, 35.000, 33.000, 34.000, 35.000, 34.000, 30.000, 30.000, 29.000, 29.000, 30.000, 31.000, 32.000, 31.000
15:26:58, 33.000, 32.000, 38.000, 29.000, 35.000, 28.000, 35.000, 33.000, 34.000, 35.000, 34.000, 30.000, 30.000, 29.000, 29.000, 30.000, 31.000, 32.000, 31.000
15:26:59, 34.000, 32.000, 38.000, 29.000, 35.000, 28.000, 35.000, 33.000, 34.000, 35.000, 34.000, 30.000, 30.000, 29.000, 29.000, 30.000, 31.000, 32.000, 31.000
15:27:00, 35.000, 33.000, 38.000, 29.000, 35.000, 28.000, 35.000, 33.000, 34.000, 35.000, 34.000, 30.000, 30.000, 29.000, 29.000, 30.000, 31.000, 32.000, 31.000
15:27:01, 35.000, 33.000, 38.000, 29.000, 35.000, 28.000, 35.000, 33.000, 34.000, 35.000, 34.000, 30.000, 30.000, 29.000, 29.000, 30.000, 31.000, 32.000, 31.000
15:27:02, 35.000, 33.000, 38.000, 29.000, 35.000, 28.000, 35.000, 33.000, 34.000, 35.000, 34.000, 30.000, 30.000, 29.000, 29.000, 30.000, 31.000, 32.000, 31.000
15:27:03, 35.000, 34.000, 38.000, 29.000, 35.000, 28.000, 35.000, 33.000, 34.000, 35.000, 34.000, 30.000, 30.000, 29.000, 29.000, 30.000, 31.000, 32.000, 31.000
15:27:04, 35.000, 34.000, 38.000, 29.000, 35.000, 27.000, 35.000, 33.000, 34.000, 35.000, 34.000, 30.000, 30.000, 29.000, 29.000, 30.000, 31.000, 32.000, 31.000
15:27:06, 35.000, 33.000, 38.000, 29.000, 35.000, 27.000, 35.000, 33.000, 33.000, 35.000, 34.000, 30.000, 30.000, 29.000, 29.000, 30.000, 31.000, 32.000, 31.000
15:27:07, 34.000, 33.000, 38.000, 29.000, 35.000, 27.000, 35.000, 33.000, 33.000, 35.000, 34.000, 30.000, 30.000, 29.000, 29.000, 30.000, 31.000, 32.000, 31.000
15:27:08, 34.000, 33.000, 37.000, 29.000, 35.000, 28.000, 35.000, 33.000, 33.000, 35.000, 34.000, 30.000, 30.000, 29.000, 29.000, 30.000, 31.000, 32.000, 31.000
15:27:08, 36.000, 33.000, 37.000, 29.000, 35.000, 28.000, 35.000, 33.000, 34.000, 35.000, 34.000, 30.000, 30.000, 29.000, 29.000, 30.000, 31.000, 32.000, 31.000
15:27:09, 36.000, 34.000, 37.000, 29.000, 35.000, 28.000, 35.000, 33.000, 34.000, 35.000, 34.000, 30.000, 30.000, 29.000, 30.000, 30.000, 31.000, 32.000, 31.000
15:27:10, 36.000, 34.000, 37.000, 29.000, 35.000, 28.000, 35.000, 33.000, 34.000, 35.000, 34.000, 30.000, 30.000, 29.000, 30.000, 30.000, 31.000, 32.000, 31.000
15:27:12, 34.000, 33.000, 37.000, 29.000, 35.000, 28.000, 35.000, 33.000, 34.000, 35.000, 34.000, 31.000, 30.000, 29.000, 30.000, 30.000, 31.000, 32.000, 31.000
15:27:13, 34.000, 32.000, 37.000, 29.000, 34.000, 28.000, 35.000, 33.000, 34.000, 35.000, 34.000, 31.000, 30.000, 29.000, 30.000, 30.000, 31.000, 32.000, 31.000
15:27:14, 35.000, 33.000, 37.000, 29.000, 34.000, 28.000, 35.000, 33.000, 34.000, 35.000, 34.000, 31.000, 30.000, 29.000, 30.000, 30.000, 31.000, 32.000, 31.000
15:27:15, 34.000, 33.000, 37.000, 29.000, 34.000, 28.000, 35.000, 33.000, 34.000, 35.000, 34.000, 31.000, 30.000, 29.000, 30.000, 30.000, 31.000, 32.000, 31.000
15:27:16, 35.000, 33.000, 37.000, 29.000, 34.000, 28.000, 35.000, 33.000, 34.000, 35.000, 34.000, 31.000, 30.000, 29.000, 30.000, 30.000, 31.000, 32.000, 31.000
15:27:17, 34.000, 33.000, 37.000, 29.000, 35.000, 28.000, 35.000, 33.000, 34.000, 35.000, 34.000, 31.000, 30.000, 29.000, 30.000, 30.000, 31.000, 32.000, 31.000
15:27:18, 34.000, 32.000, 37.000, 29.000, 35.000, 28.000, 35.000, 33.000, 34.000, 35.000, 34.000, 30.000, 30.000, 29.000, 30.000, 30.000, 31.000, 32.000, 31.000
15:27:19, 34.000, 33.000, 37.000, 29.000, 35.000, 28.000, 35.000, 33.000, 34.000, 35.000, 34.000, 30.000, 30.000, 29.000, 30.000, 30.000, 31.000, 32.000, 31.000
15:27:20, 36.000, 34.000, 37.000, 29.000, 35.000, 28.000, 35.000, 33.000, 34.000, 35.000, 34.000, 30.000, 30.000, 29.000, 30.000, 30.000, 31.000, 32.000, 31.000
15:27:21, 36.000, 34.000, 37.000, 29.000, 35.000, 28.000, 35.000, 33.000, 33.000, 35.000, 34.000, 30.000, 30.000, 29.000, 30.000, 30.000, 31.000, 32.000, 31.000
15:27:22, 36.000, 35.000, 37.000, 29.000, 35.000, 28.000, 35.000, 33.000, 33.000, 35.000, 34.000, 30.000, 30.000, 29.000, 30.000, 30.000, 31.000, 32.000, 31.000
15:27:23, 36.000, 35.000, 37.000, 29.000, 35.000, 28.000, 35.000, 33.000, 33.000, 35.000, 34.000, 30.000, 30.000, 29.000, 30.000, 30.000, 31.000, 32.000, 31.000
15:27:24, 34.000, 33.000, 37.000, 29.000, 35.000, 28.000, 35.000, 33.000, 34.000, 35.000, 34.000, 30.000, 30.000, 29.000, 30.000, 30.000, 31.000, 32.000, 31.000
15:27:25, 34.000, 33.000, 37.000, 29.000, 35.000, 28.000, 35.000, 33.000, 34.000, 35.000, 34.000, 30.000, 30.000, 29.000, 30.000, 30.000, 31.000, 32.000, 31.000
15:27:26, 34.000, 32.000, 38.000, 29.000, 35.000, 28.000, 35.000, 33.000, 34.000, 35.000, 34.000, 30.000, 30.000, 29.000, 30.000, 30.000, 31.000, 32.000, 31.000
15:27:27, 34.000, 33.000, 38.000, 29.000, 35.000, 28.000, 35.000, 33.000, 34.000, 35.000, 34.000, 30.000, 30.000, 29.000, 30.000, 30.000, 31.000, 32.000, 31.000
15:27:28, 34.000, 32.000, 38.000, 29.000, 35.000, 28.000, 35.000, 33.000, 34.000, 35.000, 34.000, 30.000, 30.000, 29.000, 30.000, 30.000, 31.000, 32.000, 31.000
15:27:29, 34.000, 32.000, 37.000, 29.000, 35.000, 28.000, 35.000, 33.000, 34.000, 35.000, 34.000, 30.000, 30.000, 29.000, 30.000, 30.000, 31.000, 32.000, 31.000
15:27:30, 34.000, 33.000, 37.000, 29.000, 35.000, 28.000, 35.000, 33.000, 33.000, 35.000, 34.000, 30.000, 30.000, 29.000, 30.000, 30.000, 31.000, 32.000, 31.000
15:27:31, 35.000, 33.000, 37.000, 29.000, 35.000, 28.000, 35.000, 33.000, 33.000, 35.000, 34.000, 30.000, 30.000, 29.000, 30.000, 30.000, 31.000, 32.000, 31.000
15:27:32, 34.000, 33.000, 37.000, 29.000, 35.000, 28.000, 35.000, 33.000, 33.000, 35.000, 34.000, 30.000, 30.000, 29.000, 30.000, 30.000, 31.000, 32.000, 31.000
15:27:33, 34.000, 32.000, 37.000, 29.000, 35.000, 28.000, 35.000, 33.000, 33.000, 35.000, 34.000, 30.000, 30.000, 29.000, 29.000, 30.000, 31.000, 32.000, 31.000
15:27:34, 34.000, 32.000, 37.000, 29.000, 35.000, 28.000, 35.000, 33.000, 33.000, 35.000, 34.000, 30.000, 30.000, 29.000, 29.000, 30.000, 31.000, 32.000, 31.000
15:27:35, 34.000, 32.000, 37.000, 29.000, 35.000, 28.000, 35.000, 33.000, 33.000, 35.000, 34.000, 30.000, 30.000, 29.000, 29.000, 30.000, 31.000, 32.000, 31.000
15:27:36, 33.000, 32.000, 37.000, 29.000, 35.000, 28.000, 35.000, 33.000, 33.000, 35.000, 34.000, 30.000, 30.000, 29.000, 29.000, 30.000, 31.000, 32.000, 31.000
15:27:37, 33.000, 32.000, 37.000, 29.000, 35.000, 28.000, 35.000, 33.000, 33.000, 35.000, 34.000, 30.000, 30.000, 29.000, 29.000, 30.000, 31.000, 32.000, 31.000
15:27:38, 34.000, 32.000, 37.000, 29.000, 35.000, 28.000, 35.000, 33.000, 33.000, 35.000, 34.000, 30.000, 30.000, 29.000, 29.000, 30.000, 31.000, 32.000, 31.000
15:27:39, 34.000, 32.000, 37.000, 29.000, 35.000, 28.000, 35.000, 33.000, 34.000, 35.000, 34.000, 30.000, 30.000, 29.000, 29.000, 30.000, 31.000, 32.000, 31.000
