15:26:39, 36.000, 33.000, 37.000, 26.000, 33.000, 27.000, 31.000, 32.000, 31.000, 35.000, 33.000, 29.000, 28.000, 29.000, 28.000, 30.000, 30.000, 29.000, 30.000
15:26:40, 34.000, 32.000, 37.000, 26.000, 33.000, 27.000, 31.000, 32.000, 31.000, 35.000, 33.000, 29.000, 28.000, 29.000, 28.000, 30.000, 30.000, 29.000, 30.000
15:26:41, 34.000, 32.000, 37.000, 26.000, 33.000, 27.000, 31.000, 32.000, 31.000, 35.000, 33.000, 29.000, 28.000, 29.000, 28.000, 30.000, 30.000, 29.000, 30.000
15:26:42, 34.000, 32.000, 37.000, 26.000, 33.000, 28.000, 30.000, 32.000, 31.000, 35.000, 33.000, 29.000, 28.000, 29.000, 28.000, 30.000, 30.000, 29.000, 30.000
15:26:43, 34.000, 32.000, 37.000, 26.000, 33.000, 28.000, 30.000, 32.000, 31.000, 35.000, 33.000, 29.000, 28.000, 29.000, 28.000, 30.000, 30.000, 29.000, 30.000
15:26:44, 33.000, 31.000, 37.000, 26.000, 33.000, 28.000, 30.000, 32.000, 31.000, 34.000, 33.000, 29.000, 28.000, 29.000, 28.000, 30.000, 30.000, 29.000, 30.000
15:26:45, 33.000, 31.000, 37.000, 26.000, 33.000, 28.000, 30.000, 32.000, 31.000, 34.000, 33.000, 29.000, 28.000, 29.000, 28.000, 29.000, 30.000, 29.000, 30.000
15:26:46, 33.000, 31.000, 37.000, 26.000, 33.000, 28.000, 30.000, 32.000, 31.000, 34.000, 33.000, 29.000, 28.000, 29.000, 28.000, 29.000, 30.000, 29.000, 30.000
15:26:47, 33.000, 31.000, 37.000, 26.000, 33.000, 28.000, 30.000, 32.000, 31.000, 35.000, 33.000, 29.000, 28.000, 29.000, 28.000, 29.000, 30.000, 29.000, 30.000
15:26:48, 33.000, 32.000, 37.000, 26.000, 33.000, 28.000, 30.000, 33.000, 31.000, 35.000, 34.000, 28.000, 28.000, 28.000, 28.000, 30.000, 29.000, 29.000, 30.000
15:26:49, 33.000, 32.000, 37.000, 26.000, 33.000, 28.000, 30.000, 33.000, 31.000, 35.000, 34.000, 28.000, 28.000, 28.000, 28.000, 30.000, 29.000, 29.000, 30.000
15:26:50, 33.000, 31.000, 37.000, 26.000, 33.000, 28.000, 30.000, 33.000, 31.000, 35.000, 34.000, 28.000, 28.000, 28.000, 28.000, 30.000, 29.000, 29.000, 30.000
15:26:51, 33.000, 31.000, 37.000, 26.000, 33.000, 27.000, 30.000, 32.000, 31.000, 35.000, 33.000, 28.000, 28.000, 28.000, 28.000, 29.000, 29.000, 29.000, 30.000
15:26:52, 33.000, 31.000, 37.000, 26.000, 33.000, 27.000, 30.000, 32.000, 31.000, 35.000, 33.000, 28.000, 28.000, 28.000, 28.000, 29.000, 29.000, 29.000, 30.000
15:26:53, 33.000, 31.000, 37.000, 26.000, 33.000, 28.000, 30.000, 32.000, 31.000, 35.000, 33.000, 28.000, 28.000, 28.000, 28.000, 29.000, 29.000, 29.000, 30.000
15:26:54, 33.000, 32.000, 37.000, 26.000, 33.000, 28.000, 31.000, 32.000, 31.000, 35.000, 33.000, 28.000, 28.000, 28.000, 28.000, 29.000, 29.000, 29.000, 30.000
15:26:55, 33.000, 32.000, 37.000, 26.000, 33.000, 28.000, 31.000, 32.000, 31.000, 35.000, 33.000, 28.000, 28.000, 28.000, 28.000, 29.000, 29.000, 29.000, 30.000
15:26:56, 33.000, 31.000, 37.000, 26.000, 33.000, 28.000, 31.000, 32.000, 31.000, 35.000, 33.000, 28.000, 28.000, 28.000, 28.000, 29.000, 29.000, 29.000, 30.000
15:26:57, 33.000, 31.000, 37.000, 26.000, 33.000, 28.000, 30.000, 32.000, 31.000, 35.000, 33.000, 28.000, 28.000, 28.000, 28.000, 29.000, 29.000, 29.000, 30.000
15:26:59, 33.000, 31.000, 37.000, 26.000, 33.000, 28.000, 30.000, 32.000, 31.000, 35.000, 33.000, 28.000, 28.000, 28.000, 28.000, 29.000, 29.000, 29.000, 30.000
15:26:59, 33.000, 31.000, 37.000, 26.000, 33.000, 28.000, 30.000, 32.000, 31.000, 35.000, 33.000, 28.000, 28.000, 28.000, 28.000, 29.000, 29.000, 29.000, 30.000
15:27:00, 33.000, 31.000, 37.000, 26.000, 33.000, 28.000, 30.000, 32.000, 31.000, 35.000, 33.000, 28.000, 28.000, 28.000, 28.000, 29.000, 29.000, 29.000, 30.000
15:27:01, 32.000, 31.000, 37.000, 26.000, 33.000, 28.000, 30.000, 32.000, 31.000, 35.000, 33.000, 28.000, 28.000, 28.000, 28.000, 29.000, 29.000, 29.000, 30.000
15:27:02, 33.000, 32.000, 37.000, 26.000, 33.000, 28.000, 30.000, 32.000, 31.000, 34.000, 33.000, 28.000, 28.000, 28.000, 28.000, 29.000, 29.000, 29.000, 30.000
15:27:03, 34.000, 33.000, 37.000, 26.000, 33.000, 28.000, 31.000, 33.000, 31.000, 34.000, 33.000, 28.000, 28.000, 28.000, 28.000, 29.000, 29.000, 29.000, 30.000
15:27:04, 36.000, 34.000, 37.000, 26.000, 33.000, 28.000, 31.000, 33.000, 31.000, 34.000, 33.000, 28.000, 28.000, 28.000, 28.000, 29.000, 29.000, 29.000, 30.000
15:27:06, 37.000, 35.000, 37.000, 26.000, 33.000, 28.000, 31.000, 33.000, 31.000, 35.000, 33.000, 28.000, 28.000, 28.000, 28.000, 29.000, 29.000, 29.000, 30.000
15:27:07, 36.000, 34.000, 37.000, 26.000, 33.000, 28.000, 31.000, 32.000, 31.000, 35.000, 33.000, 28.000, 28.000, 28.000, 28.000, 29.000, 29.000, 29.000, 30.000
15:27:07, 34.000, 32.000, 37.000, 26.000, 33.000, 28.000, 31.000, 32.000, 31.000, 35.000, 33.000, 28.000, 28.000, 28.000, 28.000, 29.000, 29.000, 29.000, 30.000
15:27:08, 34.000, 32.000, 37.000, 26.000, 33.000, 28.000, 31.000, 32.000, 31.000, 35.000, 33.000, 28.000, 28.000, 28.000, 28.000, 29.000, 29.000, 29.000, 30.000
15:27:09, 33.000, 32.000, 37.000, 26.000, 33.000, 28.000, 31.000, 33.000, 31.000, 35.000, 33.000, 29.000, 28.000, 28.000, 28.000, 29.000, 29.000, 29.000, 30.000
15:27:11, 34.000, 33.000, 37.000, 26.000, 33.000, 28.000, 31.000, 33.000, 31.000, 35.000, 33.000, 29.000, 28.000, 28.000, 28.000, 29.000, 29.000, 29.000, 30.000
15:27:12, 35.000, 33.000, 37.000, 27.000, 33.000, 27.000, 31.000, 33.000, 31.000, 35.000, 33.000, 29.000, 28.000, 28.000, 28.000, 29.000, 29.000, 29.000, 30.000
15:27:13, 35.000, 33.000, 37.000, 27.000, 33.000, 27.000, 31.000, 33.000, 31.000, 35.000, 33.000, 29.000, 28.000, 28.000, 28.000, 29.000, 29.000, 29.000, 30.000
15:27:14, 35.000, 33.000, 37.000, 27.000, 33.000, 27.000, 31.000, 33.000, 31.000, 35.000, 33.000, 29.000, 28.000, 28.000, 28.000, 29.000, 29.000, 29.000, 30.000
15:27:15, 36.000, 33.000, 37.000, 26.000, 33.000, 27.000, 31.000, 33.000, 31.000, 34.000, 33.000, 29.000, 28.000, 29.000, 28.000, 29.000, 29.000, 29.000, 30.000
15:27:16, 35.000, 33.000, 37.000, 26.000, 33.000, 27.000, 31.000, 32.000, 31.000, 34.000, 33.000, 29.000, 28.000, 29.000, 28.000, 29.000, 29.000, 29.000, 30.000
15:27:17, 36.000, 33.000, 37.000, 26.000, 33.000, 27.000, 31.000, 32.000, 31.000, 34.000, 33.000, 29.000, 28.000, 29.000, 28.000, 29.000, 29.000, 29.000, 30.000
15:27:18, 37.000, 33.000, 37.000, 26.000, 33.000, 27.000, 31.000, 32.000, 31.000, 34.000, 33.000, 29.000, 28.000, 29.000, 28.000, 29.000, 29.000, 29.000, 30.000
15:27:19, 36.000, 34.000, 37.000, 26.000, 33.000, 27.000, 31.000, 32.000, 31.000, 34.000, 33.000, 29.000, 28.000, 29.000, 28.000, 29.000, 29.000, 29.000, 30.000
15:27:20, 35.000, 33.000, 37.000, 27.000, 33.000, 27.000, 31.000, 32.000, 31.000, 34.000, 33.000, 29.000, 28.000, 29.000, 28.000, 29.000, 29.000, 29.000, 30.000
15:27:21, 35.000, 33.000, 37.000, 27.000, 33.000, 27.000, 31.000, 32.000, 31.000, 35.000, 33.000, 29.000, 28.000, 29.000, 28.000, 29.000, 29.000, 29.000, 30.000
15:27:22, 34.000, 32.000, 37.000, 27.000, 33.000, 27.000, 30.000, 32.000, 31.000, 35.000, 33.000, 29.000, 28.000, 29.000, 28.000, 29.000, 29.000, 29.000, 30.000
15:27:23, 34.000, 32.000, 37.000, 27.000, 33.000, 27.000, 30.000, 32.000, 31.000, 35.000, 33.000, 29.000, 28.000, 29.000, 28.000, 29.000, 29.000, 29.000, 30.000
15:27:24, 34.000, 31.000, 37.000, 26.000, 33.000, 28.000, 30.000, 32.000, 31.000, 35.000, 33.000, 29.000, 28.000, 29.000, 28.000, 29.000, 29.000, 29.000, 30.000
15:27:25, 33.000, 31.000, 37.000, 26.000, 33.000, 28.000, 30.000, 32.000, 31.000, 35.000, 33.000, 29.000, 28.000, 29.000, 28.000, 29.000, 29.000, 29.000, 30.000
15:27:26, 33.000, 31.000, 37.000, 26.000, 33.000, 28.000, 30.000, 32.000, 31.000, 35.000, 33.000, 29.000, 28.000, 29.000, 28.000, 29.000, 29.000, 29.000, 30.000
15:27:27, 33.000, 31.000, 37.000, 26.000, 33.000, 27.000, 30.000, 32.000, 31.000, 35.000, 33.000, 29.000, 28.000, 29.000, 28.000, 29.000, 29.000, 29.000, 30.000
15:27:28, 33.000, 31.000, 37.000, 26.000, 33.000, 27.000, 30.000, 33.000, 31.000, 35.000, 34.000, 29.000, 28.000, 29.000, 28.000, 29.000, 29.000, 29.000, 30.000
15:27:29, 33.000, 31.000, 37.000, 26.000, 33.000, 27.000, 30.000, 33.000, 31.000, 35.000, 34.000, 29.000, 28.000, 29.000, 28.000, 29.000, 29.000, 29.000, 30.000
15:27:30, 33.000, 31.000, 37.000, 26.000, 33.000, 28.000, 30.000, 33.000, 31.000, 35.000, 34.000, 29.000, 28.000, 28.000, 28.000, 29.000, 29.000, 29.000, 30.000
15:27:31, 33.000, 31.000, 37.000, 26.000, 33.000, 28.000, 30.000, 32.000, 31.000, 35.000, 33.000, 29.000, 28.000, 28.000, 28.000, 29.000, 29.000, 29.000, 30.000
15:27:32, 33.000, 32.000, 37.000, 26.000, 33.000, 28.000, 30.000, 32.000, 31.000, 35.000, 33.000, 29.000, 28.000, 28.000, 28.000, 29.000, 29.000, 29.000, 30.000
15:27:33, 34.000, 32.000, 37.000, 26.000, 33.000, 27.000, 30.000, 32.000, 31.000, 35.000, 33.000, 29.000, 28.000, 28.000, 28.000, 29.000, 29.000, 29.000, 30.000
15:27:34, 33.000, 32.000, 37.000, 26.000, 33.000, 27.000, 31.000, 32.000, 31.000, 35.000, 33.000, 29.000, 28.000, 28.000, 28.000, 29.000, 29.000, 29.000, 30.000
15:27:35, 33.000, 32.000, 37.000, 26.000, 33.000, 27.000, 31.000, 32.000, 31.000, 35.000, 33.000, 29.000, 28.000, 28.000, 28.000, 29.000, 29.000, 29.000, 30.000
15:27:36, 34.000, 32.000, 37.000, 26.000, 33.000, 27.000, 31.000, 32.000, 31.000, 35.000, 33.000, 29.000, 28.000, 28.000, 28.000, 29.000, 29.000, 29.000, 30.000
15:27:37, 33.000, 31.000, 37.000, 26.000, 33.000, 27.000, 30.000, 32.000, 31.000, 35.000, 33.000, 29.000, 28.000, 28.000, 28.000, 29.000, 29.000, 29.000, 30.000
15:27:38, 33.000, 31.000, 37.000, 26.000, 33.000, 27.000, 30.000, 32.000, 31.000, 35.000, 33.000, 29.000, 28.000, 28.000, 28.000, 29.000, 29.000, 29.000, 30.000
15:27:39, 33.000, 31.000, 37.000, 26.000, 33.000, 28.000, 30.000, 32.000, 31.000, 35.000, 33.000, 29.000, 28.000, 28.000, 28.000, 29.000, 29.000, 29.000, 30.000
