15:26:39, 6675.000, 6825.000, 6600.000
15:26:40, 6825.000, 6825.000, 6600.000
15:26:41, 6825.000, 6900.000, 6450.000
15:26:42, 6825.000, 6900.000, 6450.000
15:26:43, 6750.000, 6750.000, 6450.000
15:26:44, 6750.000, 6900.000, 6450.000
15:26:45, 6675.000, 6750.000, 6450.000
15:26:46, 6675.000, 6750.000, 6450.000
15:26:47, 6600.000, 6750.000, 6525.000
15:26:48, 6600.000, 6750.000, 6525.000
15:26:49, 6750.000, 6750.000, 6450.000
15:26:50, 6750.000, 6750.000, 6450.000
15:26:51, 6675.000, 6750.000, 6450.000
15:26:52, 6600.000, 6750.000, 6600.000
15:26:53, 6750.000, 6750.000, 6450.000
15:26:54, 6750.000, 6750.000, 6450.000
15:26:55, 6750.000, 6750.000, 6450.000
15:26:56, 6750.000, 6675.000, 6375.000
15:26:57, 6825.000, 6825.000, 6600.000
15:26:58, 6675.000, 6900.000, 6450.000
15:26:59, 6675.000, 6900.000, 6450.000
15:27:00, 6675.000, 6900.000, 6450.000
15:27:01, 6675.000, 6825.000, 6525.000
15:27:02, 6675.000, 6825.000, 6450.000
15:27:03, 6600.000, 6825.000, 6375.000
15:27:04, 6600.000, 6825.000, 6375.000
15:27:05, 6825.000, 6750.000, 6600.000
15:27:06, 6825.000, 6750.000, 6375.000
15:27:07, 6825.000, 6750.000, 6375.000
15:27:08, 6825.000, 6750.000, 6375.000
15:27:09, 6825.000, 6900.000, 6600.000
15:27:10, 6750.000, 6825.000, 6450.000
15:27:11, 6825.000, 6825.000, 6525.000
15:27:13, 6825.000, 6825.000, 6525.000
15:27:13, 6750.000, 6825.000, 6450.000
15:27:14, 6750.000, 6825.000, 6450.000
15:27:15, 6600.000, 6750.000, 6525.000
15:27:16, 6600.000, 6750.000, 6525.000
15:27:17, 6600.000, 6825.000, 6525.000
15:27:18, 6600.000, 6825.000, 6450.000
15:27:20, 6825.000, 6825.000, 6450.000
15:27:21, 6825.000, 6825.000, 6525.000
15:27:22, 6825.000, 6825.000, 6525.000
15:27:23, 6675.000, 6825.000, 6375.000
15:27:23, 6600.000, 6825.000, 6600.000
15:27:25, 6750.000, 6825.000, 6450.000
15:27:26, 6750.000, 6825.000, 6450.000
15:27:27, 6750.000, 6750.000, 6525.000
15:27:28, 6750.000, 6750.000, 6525.000
15:27:29, 6825.000, 6750.000, 6450.000
15:27:30, 6825.000, 6750.000, 6450.000
15:27:31, 6750.000, 6900.000, 6600.000
15:27:32, 6750.000, 6750.000, 6450.000
15:27:33, 6750.000, 6750.000, 6450.000
15:27:34, 6825.000, 6750.000, 6450.000
15:27:35, 6825.000, 6750.000, 6450.000
15:27:36, 6825.000, 6900.000, 6600.000
15:27:37, 6825.000, 6825.000, 6450.000
15:27:38, 6750.000, 6825.000, 6600.000
15:27:39, 6750.000, 6825.000, 6600.000
