15:26:39, 41.000, 42.000, 30.000, 41.000, 46.000
15:26:40, 41.000, 42.000, 30.000, 41.000, 46.000
15:26:41, 42.000, 42.000, 30.000, 41.000, 46.000
15:26:42, 42.000, 42.000, 30.000, 41.000, 46.000
15:26:43, 42.000, 42.000, 30.000, 41.000, 46.000
15:26:44, 43.000, 42.000, 30.000, 41.000, 46.000
15:26:45, 42.000, 41.000, 30.000, 41.000, 46.000
15:26:46, 42.000, 41.000, 30.000, 41.000, 46.000
15:26:47, 42.000, 42.000, 30.000, 41.000, 46.000
15:26:48, 42.000, 41.000, 30.000, 41.000, 46.000
15:26:49, 42.000, 42.000, 30.000, 41.000, 46.000
15:26:50, 42.000, 42.000, 30.000, 41.000, 46.000
15:26:51, 42.000, 42.000, 30.000, 41.000, 46.000
15:26:52, 42.000, 42.000, 30.000, 41.000, 46.000
15:26:53, 42.000, 42.000, 30.000, 41.000, 46.000
15:26:54, 42.000, 42.000, 30.000, 41.000, 46.000
15:26:55, 42.000, 43.000, 30.000, 41.000, 46.000
15:26:56, 42.000, 42.000, 30.000, 41.000, 46.000
15:26:57, 42.000, 42.000, 30.000, 41.000, 46.000
15:26:58, 41.000, 42.000, 30.000, 41.000, 46.000
15:26:59, 41.000, 41.000, 30.000, 41.000, 46.000
15:27:00, 41.000, 41.000, 30.000, 41.000, 46.000
15:27:01, 42.000, 42.000, 30.000, 41.000, 46.000
15:27:02, 41.000, 42.000, 30.000, 41.000, 46.000
15:27:03, 41.000, 42.000, 30.000, 41.000, 46.000
15:27:04, 41.000, 42.000, 30.000, 41.000, 46.000
15:27:05, 42.000, 42.000, 30.000, 41.000, 46.000
15:27:06, 42.000, 42.000, 30.000, 41.000, 46.000
15:27:07, 41.000, 42.000, 30.000, 41.000, 46.000
15:27:08, 41.000, 42.000, 30.000, 41.000, 46.000
15:27:09, 41.000, 42.000, 30.000, 41.000, 46.000
15:27:10, 42.000, 42.000, 30.000, 41.000, 46.000
15:27:11, 41.000, 42.000, 30.000, 41.000, 46.000
15:27:13, 42.000, 42.000, 30.000, 41.000, 46.000
15:27:13, 42.000, 42.000, 30.000, 41.000, 46.000
15:27:14, 42.000, 42.000, 30.000, 41.000, 46.000
15:27:15, 42.000, 42.000, 30.000, 41.000, 46.000
15:27:16, 42.000, 42.000, 30.000, 41.000, 46.000
15:27:17, 41.000, 41.000, 30.000, 41.000, 46.000
15:27:18, 41.000, 42.000, 30.000, 41.000, 46.000
15:27:20, 41.000, 42.000, 30.000, 41.000, 46.000
15:27:21, 42.000, 42.000, 30.000, 41.000, 46.000
15:27:22, 42.000, 42.000, 30.000, 41.000, 46.000
15:27:23, 42.000, 42.000, 30.000, 41.000, 46.000
15:27:23, 41.000, 42.000, 30.000, 41.000, 46.000
15:27:25, 41.000, 42.000, 30.000, 41.000, 46.000
15:27:26, 41.000, 42.000, 30.000, 41.000, 46.000
15:27:27, 41.000, 42.000, 30.000, 41.000, 46.000
15:27:28, 41.000, 42.000, 30.000, 41.000, 46.000
15:27:29, 42.000, 42.000, 30.000, 41.000, 46.000
15:27:30, 42.000, 42.000, 30.000, 41.000, 46.000
15:27:31, 41.000, 42.000, 30.000, 41.000, 46.000
15:27:32, 41.000, 42.000, 30.000, 41.000, 46.000
15:27:33, 42.000, 42.000, 30.000, 40.000, 46.000
15:27:34, 42.000, 42.000, 30.000, 40.000, 46.000
15:27:35, 42.000, 43.000, 30.000, 40.000, 46.000
15:27:36, 41.000, 42.000, 30.000, 40.000, 46.000
15:27:37, 41.000, 42.000, 30.000, 41.000, 46.000
15:27:38, 41.000, 42.000, 30.000, 41.000, 46.000
15:27:39, 41.000, 41.000, 30.000, 41.000, 46.000
