15:26:39, 37.000, 35.000, 37.000, 29.000, 33.000, 30.000, 33.000, 34.000, 33.000, 35.000, 38.000, 33.000, 32.000, 29.000, 29.000, 30.000, 30.000, 35.000, 34.000
15:26:40, 37.000, 35.000, 37.000, 29.000, 33.000, 30.000, 33.000, 34.000, 33.000, 35.000, 38.000, 33.000, 32.000, 29.000, 29.000, 31.000, 30.000, 35.000, 34.000
15:26:41, 37.000, 35.000, 37.000, 29.000, 33.000, 30.000, 33.000, 34.000, 33.000, 35.000, 38.000, 33.000, 32.000, 29.000, 29.000, 31.000, 30.000, 35.000, 34.000
15:26:42, 37.000, 35.000, 37.000, 29.000, 33.000, 30.000, 33.000, 34.000, 33.000, 35.000, 38.000, 33.000, 32.000, 29.000, 29.000, 31.000, 30.000, 35.000, 34.000
15:26:43, 37.000, 35.000, 37.000, 29.000, 33.000, 30.000, 33.000, 34.000, 33.000, 35.000, 38.000, 33.000, 32.000, 29.000, 29.000, 31.000, 30.000, 35.000, 34.000
15:26:44, 37.000, 35.000, 37.000, 29.000, 33.000, 30.000, 33.000, 34.000, 33.000, 35.000, 38.000, 33.000, 32.000, 29.000, 29.000, 31.000, 30.000, 35.000, 34.000
15:26:45, 37.000, 36.000, 37.000, 29.000, 33.000, 30.000, 33.000, 34.000, 33.000, 35.000, 38.000, 33.000, 32.000, 29.000, 29.000, 31.000, 30.000, 35.000, 34.000
15:26:46, 37.000, 36.000, 37.000, 29.000, 33.000, 30.000, 33.000, 34.000, 33.000, 35.000, 38.000, 33.000, 32.000, 29.000, 29.000, 31.000, 30.000, 35.000, 34.000
15:26:47, 37.000, 36.000, 37.000, 29.000, 33.000, 30.000, 33.000, 34.000, 33.000, 35.000, 38.000, 33.000, 32.000, 29.000, 29.000, 31.000, 30.000, 35.000, 34.000
15:26:48, 37.000, 35.000, 37.000, 29.000, 33.000, 30.000, 33.000, 34.000, 33.000, 35.000, 38.000, 33.000, 32.000, 29.000, 29.000, 31.000, 30.000, 35.000, 34.000
15:26:49, 37.000, 36.000, 37.000, 29.000, 33.000, 30.000, 33.000, 34.000, 33.000, 35.000, 38.000, 33.000, 32.000, 29.000, 29.000, 31.000, 30.000, 35.000, 34.000
15:26:50, 37.000, 36.000, 37.000, 29.000, 33.000, 30.000, 33.000, 34.000, 33.000, 35.000, 38.000, 33.000, 32.000, 29.000, 29.000, 31.000, 30.000, 35.000, 34.000
15:26:51, 37.000, 36.000, 37.000, 29.000, 33.000, 30.000, 33.000, 34.000, 32.000, 35.000, 38.000, 33.000, 32.000, 29.000, 29.000, 31.000, 30.000, 35.000, 34.000
15:26:52, 37.000, 36.000, 37.000, 29.000, 33.000, 30.000, 33.000, 34.000, 32.000, 35.000, 38.000, 33.000, 32.000, 29.000, 29.000, 31.000, 30.000, 35.000, 34.000
15:26:53, 37.000, 36.000, 37.000, 29.000, 33.000, 30.000, 33.000, 34.000, 32.000, 35.000, 38.000, 33.000, 32.000, 29.000, 29.000, 31.000, 30.000, 35.000, 34.000
15:26:54, 37.000, 36.000, 37.000, 29.000, 33.000, 30.000, 33.000, 34.000, 33.000, 35.000, 38.000, 33.000, 32.000, 29.000, 29.000, 31.000, 30.000, 35.000, 34.000
15:26:55, 37.000, 36.000, 37.000, 29.000, 33.000, 30.000, 33.000, 34.000, 33.000, 35.000, 38.000, 33.000, 32.000, 29.000, 29.000, 31.000, 30.000, 35.000, 34.000
15:26:56, 37.000, 36.000, 37.000, 29.000, 33.000, 30.000, 33.000, 34.000, 33.000, 35.000, 38.000, 33.000, 32.000, 29.000, 29.000, 31.000, 30.000, 35.000, 34.000
15:26:57, 37.000, 36.000, 37.000, 29.000, 33.000, 30.000, 33.000, 34.000, 32.000, 35.000, 38.000, 33.000, 32.000, 29.000, 29.000, 31.000, 30.000, 35.000, 34.000
15:26:58, 37.000, 36.000, 37.000, 29.000, 33.000, 30.000, 33.000, 34.000, 32.000, 35.000, 38.000, 33.000, 32.000, 30.000, 29.000, 31.000, 30.000, 35.000, 34.000
15:26:59, 37.000, 36.000, 37.000, 29.000, 33.000, 30.000, 33.000, 34.000, 32.000, 35.000, 38.000, 33.000, 32.000, 30.000, 29.000, 31.000, 30.000, 35.000, 34.000
15:27:00, 37.000, 36.000, 37.000, 29.000, 33.000, 30.000, 33.000, 35.000, 33.000, 35.000, 38.000, 33.000, 32.000, 29.000, 29.000, 31.000, 30.000, 35.000, 34.000
15:27:01, 37.000, 36.000, 37.000, 29.000, 33.000, 30.000, 33.000, 35.000, 33.000, 35.000, 38.000, 33.000, 32.000, 29.000, 29.000, 31.000, 30.000, 35.000, 34.000
15:27:02, 37.000, 36.000, 37.000, 29.000, 33.000, 30.000, 33.000, 35.000, 33.000, 35.000, 38.000, 33.000, 32.000, 29.000, 29.000, 31.000, 30.000, 35.000, 34.000
15:27:03, 37.000, 36.000, 37.000, 29.000, 33.000, 30.000, 33.000, 34.000, 32.000, 35.000, 38.000, 33.000, 32.000, 29.000, 29.000, 31.000, 30.000, 35.000, 34.000
15:27:04, 37.000, 36.000, 37.000, 29.000, 33.000, 30.000, 33.000, 34.000, 32.000, 35.000, 38.000, 33.000, 32.000, 29.000, 29.000, 31.000, 30.000, 35.000, 34.000
15:27:06, 37.000, 36.000, 37.000, 29.000, 33.000, 30.000, 33.000, 34.000, 32.000, 35.000, 38.000, 33.000, 32.000, 29.000, 29.000, 31.000, 30.000, 35.000, 34.000
15:27:07, 37.000, 36.000, 37.000, 29.000, 33.000, 30.000, 33.000, 34.000, 33.000, 35.000, 38.000, 33.000, 32.000, 30.000, 29.000, 31.000, 30.000, 35.000, 34.000
15:27:07, 37.000, 36.000, 37.000, 29.000, 33.000, 30.000, 33.000, 34.000, 33.000, 35.000, 38.000, 33.000, 32.000, 30.000, 29.000, 31.000, 30.000, 35.000, 34.000
15:27:08, 37.000, 36.000, 37.000, 29.000, 33.000, 30.000, 33.000, 34.000, 33.000, 35.000, 38.000, 33.000, 32.000, 30.000, 29.000, 31.000, 30.000, 35.000, 34.000
15:27:09, 37.000, 36.000, 37.000, 29.000, 33.000, 30.000, 33.000, 34.000, 33.000, 35.000, 38.000, 33.000, 32.000, 30.000, 29.000, 31.000, 30.000, 35.000, 34.000
15:27:11, 37.000, 36.000, 37.000, 29.000, 33.000, 30.000, 33.000, 34.000, 33.000, 35.000, 38.000, 33.000, 32.000, 30.000, 29.000, 31.000, 30.000, 35.000, 34.000
15:27:12, 37.000, 36.000, 37.000, 29.000, 33.000, 30.000, 33.000, 34.000, 33.000, 35.000, 38.000, 33.000, 32.000, 30.000, 29.000, 31.000, 30.000, 35.000, 34.000
15:27:13, 37.000, 35.000, 37.000, 29.000, 33.000, 30.000, 33.000, 34.000, 32.000, 35.000, 38.000, 33.000, 32.000, 29.000, 29.000, 31.000, 30.000, 35.000, 34.000
15:27:14, 37.000, 36.000, 37.000, 29.000, 33.000, 30.000, 33.000, 34.000, 32.000, 35.000, 38.000, 33.000, 32.000, 29.000, 29.000, 31.000, 30.000, 35.000, 34.000
15:27:15, 37.000, 35.000, 37.000, 29.000, 33.000, 30.000, 33.000, 34.000, 32.000, 35.000, 38.000, 33.000, 32.000, 29.000, 29.000, 31.000, 30.000, 35.000, 34.000
15:27:16, 37.000, 35.000, 37.000, 29.000, 33.000, 30.000, 33.000, 34.000, 33.000, 35.000, 38.000, 33.000, 32.000, 30.000, 29.000, 31.000, 30.000, 35.000, 34.000
15:27:17, 37.000, 36.000, 37.000, 29.000, 33.000, 30.000, 33.000, 34.000, 33.000, 35.000, 38.000, 33.000, 32.000, 30.000, 29.000, 31.000, 30.000, 35.000, 34.000
15:27:18, 37.000, 36.000, 37.000, 29.000, 33.000, 30.000, 33.000, 34.000, 33.000, 35.000, 38.000, 33.000, 32.000, 30.000, 29.000, 31.000, 30.000, 35.000, 34.000
15:27:19, 37.000, 35.000, 37.000, 29.000, 33.000, 30.000, 33.000, 34.000, 33.000, 35.000, 38.000, 33.000, 32.000, 30.000, 29.000, 31.000, 30.000, 35.000, 34.000
15:27:20, 37.000, 35.000, 37.000, 29.000, 33.000, 30.000, 33.000, 34.000, 33.000, 35.000, 38.000, 33.000, 32.000, 30.000, 29.000, 31.000, 30.000, 35.000, 34.000
15:27:21, 37.000, 36.000, 37.000, 29.000, 33.000, 30.000, 33.000, 34.000, 33.000, 35.000, 38.000, 33.000, 32.000, 30.000, 29.000, 31.000, 30.000, 35.000, 34.000
15:27:22, 37.000, 35.000, 37.000, 29.000, 33.000, 30.000, 33.000, 34.000, 33.000, 35.000, 38.000, 33.000, 32.000, 29.000, 29.000, 31.000, 30.000, 35.000, 34.000
15:27:23, 37.000, 35.000, 37.000, 29.000, 33.000, 30.000, 33.000, 34.000, 33.000, 35.000, 38.000, 33.000, 32.000, 29.000, 29.000, 31.000, 30.000, 35.000, 34.000
15:27:24, 37.000, 35.000, 37.000, 29.000, 33.000, 30.000, 33.000, 34.000, 33.000, 35.000, 38.000, 33.000, 32.000, 29.000, 29.000, 31.000, 30.000, 35.000, 34.000
15:27:25, 37.000, 35.000, 37.000, 29.000, 33.000, 30.000, 33.000, 35.000, 33.000, 35.000, 38.000, 33.000, 32.000, 30.000, 29.000, 31.000, 30.000, 35.000, 34.000
15:27:26, 37.000, 35.000, 37.000, 29.000, 33.000, 30.000, 33.000, 35.000, 33.000, 35.000, 38.000, 33.000, 32.000, 30.000, 29.000, 31.000, 30.000, 35.000, 34.000
15:27:27, 37.000, 35.000, 37.000, 29.000, 33.000, 30.000, 33.000, 34.000, 33.000, 35.000, 38.000, 33.000, 32.000, 30.000, 29.000, 31.000, 30.000, 35.000, 34.000
15:27:28, 37.000, 35.000, 37.000, 29.000, 33.000, 30.000, 33.000, 34.000, 32.000, 35.000, 38.000, 33.000, 32.000, 29.000, 29.000, 31.000, 30.000, 35.000, 34.000
15:27:29, 37.000, 35.000, 37.000, 29.000, 33.000, 30.000, 33.000, 34.000, 32.000, 35.000, 38.000, 33.000, 32.000, 29.000, 29.000, 31.000, 30.000, 35.000, 34.000
15:27:30, 37.000, 35.000, 37.000, 29.000, 33.000, 30.000, 33.000, 34.000, 32.000, 35.000, 38.000, 33.000, 32.000, 29.000, 29.000, 31.000, 30.000, 35.000, 34.000
15:27:31, 37.000, 35.000, 37.000, 29.000, 33.000, 30.000, 33.000, 34.000, 32.000, 35.000, 38.000, 33.000, 32.000, 29.000, 29.000, 31.000, 30.000, 35.000, 34.000
15:27:32, 37.000, 36.000, 37.000, 29.000, 33.000, 30.000, 33.000, 34.000, 32.000, 35.000, 38.000, 33.000, 32.000, 29.000, 29.000, 31.000, 30.000, 35.000, 34.000
15:27:33, 37.000, 36.000, 37.000, 29.000, 33.000, 30.000, 33.000, 34.000, 32.000, 35.000, 38.000, 33.000, 32.000, 29.000, 29.000, 31.000, 30.000, 35.000, 34.000
15:27:34, 37.000, 36.000, 37.000, 29.000, 33.000, 30.000, 33.000, 34.000, 33.000, 35.000, 38.000, 33.000, 32.000, 30.000, 29.000, 31.000, 30.000, 35.000, 34.000
15:27:35, 37.000, 36.000, 37.000, 29.000, 33.000, 30.000, 33.000, 34.000, 33.000, 35.000, 38.000, 33.000, 32.000, 30.000, 29.000, 31.000, 30.000, 35.000, 34.000
15:27:36, 37.000, 36.000, 37.000, 29.000, 33.000, 30.000, 33.000, 34.000, 33.000, 35.000, 38.000, 33.000, 32.000, 30.000, 29.000, 31.000, 30.000, 35.000, 34.000
15:27:37, 37.000, 35.000, 37.000, 29.000, 33.000, 30.000, 33.000, 34.000, 33.000, 35.000, 38.000, 33.000, 32.000, 29.000, 29.000, 31.000, 30.000, 35.000, 34.000
15:27:38, 37.000, 35.000, 37.000, 29.000, 33.000, 30.000, 33.000, 34.000, 33.000, 35.000, 38.000, 33.000, 32.000, 29.000, 29.000, 31.000, 30.000, 35.000, 34.000
15:27:39, 37.000, 35.000, 37.000, 29.000, 33.000, 30.000, 33.000, 34.000, 33.000, 35.000, 38.000, 33.000, 32.000, 29.000, 29.000, 31.000, 30.000, 35.000, 34.000
