15:26:39, 43.000, 37.000, 33.000, 45.000, 49.000, 38.000, 38.000, 39.000, 39.000, 33.000, 35.000, 35.000, 34.000
15:26:40, 43.000, 37.000, 33.000, 45.000, 49.000, 38.000, 38.000, 39.000, 39.000, 33.000, 35.000, 35.000, 34.000
15:26:41, 43.000, 36.000, 33.000, 45.000, 49.000, 38.000, 38.000, 39.000, 39.000, 33.000, 35.000, 35.000, 34.000
15:26:42, 41.000, 38.000, 33.000, 45.000, 49.000, 38.000, 38.000, 39.000, 39.000, 33.000, 35.000, 35.000, 34.000
15:26:43, 42.000, 39.000, 33.000, 45.000, 49.000, 38.000, 38.000, 39.000, 39.000, 33.000, 35.000, 35.000, 34.000
15:26:44, 42.000, 39.000, 33.000, 45.000, 49.000, 38.000, 38.000, 39.000, 39.000, 33.000, 35.000, 35.000, 34.000
15:26:45, 40.000, 38.000, 33.000, 45.000, 49.000, 38.000, 38.000, 39.000, 39.000, 33.000, 35.000, 35.000, 34.000
15:26:46, 43.000, 37.000, 33.000, 45.000, 49.000, 38.000, 38.000, 39.000, 39.000, 33.000, 35.000, 35.000, 34.000
15:26:47, 43.000, 37.000, 33.000, 45.000, 49.000, 38.000, 38.000, 39.000, 39.000, 33.000, 35.000, 35.000, 34.000
15:26:48, 43.000, 37.000, 33.000, 45.000, 48.000, 38.000, 38.000, 39.000, 39.000, 33.000, 35.000, 35.000, 34.000
15:26:49, 44.000, 36.000, 33.000, 45.000, 48.000, 38.000, 38.000, 39.000, 39.000, 33.000, 35.000, 35.000, 34.000
15:26:50, 44.000, 36.000, 33.000, 45.000, 48.000, 38.000, 38.000, 39.000, 39.000, 33.000, 35.000, 35.000, 34.000
15:26:51, 42.000, 37.000, 33.000, 45.000, 49.000, 38.000, 38.000, 39.000, 39.000, 33.000, 35.000, 35.000, 34.000
15:26:52, 42.000, 37.000, 33.000, 45.000, 49.000, 38.000, 38.000, 39.000, 39.000, 33.000, 35.000, 35.000, 34.000
15:26:53, 40.000, 39.000, 33.000, 45.000, 49.000, 38.000, 38.000, 39.000, 39.000, 33.000, 35.000, 35.000, 34.000
15:26:54, 42.000, 37.000, 33.000, 45.000, 49.000, 38.000, 38.000, 39.000, 39.000, 33.000, 35.000, 35.000, 34.000
15:26:55, 42.000, 37.000, 33.000, 45.000, 49.000, 38.000, 38.000, 39.000, 39.000, 33.000, 35.000, 35.000, 34.000
15:26:56, 42.000, 37.000, 33.000, 45.000, 49.000, 38.000, 38.000, 39.000, 39.000, 33.000, 35.000, 35.000, 34.000
15:26:57, 43.000, 36.000, 33.000, 45.000, 49.000, 38.000, 38.000, 39.000, 39.000, 33.000, 35.000, 35.000, 34.000
15:26:58, 43.000, 36.000, 33.000, 45.000, 49.000, 38.000, 38.000, 39.000, 39.000, 33.000, 35.000, 35.000, 34.000
15:26:59, 42.000, 38.000, 33.000, 45.000, 48.000, 38.000, 38.000, 39.000, 39.000, 33.000, 35.000, 35.000, 34.000
15:27:00, 42.000, 38.000, 33.000, 45.000, 48.000, 38.000, 38.000, 39.000, 39.000, 33.000, 35.000, 35.000, 34.000
15:27:01, 40.000, 38.000, 33.000, 45.000, 48.000, 38.000, 38.000, 39.000, 39.000, 33.000, 35.000, 35.000, 34.000
15:27:02, 40.000, 39.000, 33.000, 45.000, 48.000, 38.000, 38.000, 39.000, 39.000, 33.000, 35.000, 35.000, 34.000
15:27:03, 41.000, 38.000, 33.000, 45.000, 49.000, 38.000, 38.000, 39.000, 39.000, 33.000, 35.000, 35.000, 34.000
15:27:04, 41.000, 38.000, 33.000, 45.000, 49.000, 38.000, 38.000, 39.000, 39.000, 33.000, 35.000, 35.000, 34.000
15:27:05, 42.000, 36.000, 33.000, 45.000, 49.000, 38.000, 38.000, 39.000, 39.000, 33.000, 35.000, 35.000, 34.000
15:27:06, 40.000, 38.000, 33.000, 45.000, 49.000, 38.000, 38.000, 39.000, 39.000, 33.000, 35.000, 35.000, 34.000
15:27:07, 41.000, 40.000, 33.000, 45.000, 48.000, 38.000, 38.000, 39.000, 39.000, 33.000, 35.000, 35.000, 34.000
15:27:08, 40.000, 38.000, 33.000, 45.000, 48.000, 38.000, 38.000, 39.000, 39.000, 33.000, 35.000, 35.000, 34.000
15:27:09, 40.000, 38.000, 33.000, 45.000, 48.000, 38.000, 38.000, 39.000, 39.000, 33.000, 35.000, 35.000, 34.000
15:27:10, 40.000, 38.000, 33.000, 45.000, 48.000, 38.000, 38.000, 39.000, 39.000, 33.000, 35.000, 35.000, 34.000
15:27:11, 41.000, 37.000, 33.000, 45.000, 49.000, 38.000, 38.000, 39.000, 39.000, 33.000, 35.000, 35.000, 34.000
15:27:13, 40.000, 38.000, 33.000, 45.000, 49.000, 38.000, 38.000, 39.000, 39.000, 33.000, 35.000, 35.000, 34.000
15:27:14, 42.000, 37.000, 33.000, 45.000, 49.000, 38.000, 38.000, 39.000, 39.000, 33.000, 35.000, 35.000, 34.000
15:27:14, 42.000, 37.000, 33.000, 45.000, 49.000, 38.000, 38.000, 39.000, 39.000, 33.000, 35.000, 35.000, 34.000
15:27:15, 44.000, 37.000, 33.000, 45.000, 48.000, 38.000, 38.000, 39.000, 39.000, 33.000, 35.000, 35.000, 34.000
15:27:16, 42.000, 37.000, 33.000, 45.000, 48.000, 38.000, 38.000, 39.000, 39.000, 33.000, 35.000, 35.000, 34.000
15:27:18, 42.000, 37.000, 33.000, 45.000, 48.000, 38.000, 38.000, 39.000, 39.000, 33.000, 35.000, 35.000, 34.000
15:27:19, 42.000, 36.000, 33.000, 45.000, 48.000, 38.000, 38.000, 39.000, 39.000, 33.000, 35.000, 35.000, 34.000
15:27:20, 42.000, 37.000, 33.000, 45.000, 49.000, 38.000, 38.000, 39.000, 39.000, 33.000, 35.000, 35.000, 34.000
15:27:21, 40.000, 39.000, 33.000, 45.000, 49.000, 38.000, 38.000, 39.000, 39.000, 33.000, 35.000, 35.000, 34.000
15:27:22, 42.000, 37.000, 33.000, 45.000, 49.000, 38.000, 38.000, 39.000, 39.000, 33.000, 35.000, 35.000, 34.000
15:27:23, 42.000, 37.000, 33.000, 45.000, 49.000, 38.000, 38.000, 39.000, 39.000, 33.000, 35.000, 35.000, 34.000
15:27:24, 43.000, 37.000, 33.000, 45.000, 49.000, 38.000, 38.000, 39.000, 39.000, 33.000, 35.000, 35.000, 34.000
15:27:25, 43.000, 36.000, 33.000, 45.000, 49.000, 38.000, 38.000, 39.000, 39.000, 33.000, 35.000, 35.000, 34.000
15:27:26, 43.000, 36.000, 33.000, 45.000, 49.000, 38.000, 38.000, 39.000, 39.000, 33.000, 35.000, 35.000, 34.000
15:27:27, 44.000, 37.000, 33.000, 45.000, 49.000, 38.000, 38.000, 39.000, 39.000, 33.000, 35.000, 35.000, 34.000
15:27:28, 44.000, 37.000, 33.000, 45.000, 48.000, 38.000, 38.000, 39.000, 39.000, 33.000, 35.000, 35.000, 34.000
15:27:29, 44.000, 36.000, 33.000, 45.000, 48.000, 38.000, 38.000, 39.000, 39.000, 33.000, 35.000, 35.000, 34.000
15:27:30, 43.000, 36.000, 33.000, 45.000, 48.000, 38.000, 38.000, 39.000, 39.000, 33.000, 35.000, 35.000, 34.000
15:27:31, 43.000, 36.000, 33.000, 45.000, 48.000, 38.000, 38.000, 39.000, 39.000, 33.000, 35.000, 35.000, 34.000
15:27:32, 43.000, 36.000, 33.000, 45.000, 49.000, 38.000, 38.000, 39.000, 39.000, 33.000, 35.000, 35.000, 34.000
15:27:33, 43.000, 36.000, 33.000, 45.000, 49.000, 38.000, 38.000, 39.000, 39.000, 33.000, 35.000, 35.000, 34.000
15:27:34, 42.000, 37.000, 33.000, 45.000, 49.000, 38.000, 38.000, 39.000, 39.000, 33.000, 35.000, 35.000, 34.000
15:27:35, 44.000, 36.000, 33.000, 45.000, 49.000, 38.000, 38.000, 39.000, 39.000, 33.000, 35.000, 35.000, 34.000
15:27:36, 44.000, 36.000, 33.000, 45.000, 49.000, 38.000, 38.000, 39.000, 39.000, 33.000, 35.000, 35.000, 34.000
15:27:37, 44.000, 37.000, 33.000, 45.000, 49.000, 38.000, 38.000, 39.000, 39.000, 33.000, 35.000, 35.000, 34.000
15:27:38, 40.000, 39.000, 33.000, 45.000, 49.000, 38.000, 38.000, 39.000, 39.000, 33.000, 35.000, 35.000, 34.000
15:27:39, 41.000, 39.000, 33.000, 45.000, 49.000, 38.000, 38.000, 39.000, 39.000, 33.000, 35.000, 35.000, 34.000
